

















 2.8248942843381399e-07  2.8248327439289299e-07  2.8249818418472298e-07  2.8249214488990899e-07
 6.2495018306571497e+00  4.4509473649766501e-01
1
  1      0.0028210960212903  0.0000000000000e+00  0.0000000000000e+00
9
 1.4462132960212239e+00  3.5515522861824000e+00
  1     -0.0001925258348666  4.9369589722645e+00  1.3584836583050e-02
  2     -0.0000970803596076  4.3188796477322e+00  1.3034138432430e-02
  3     -0.0000898817416500  1.9080016428617e+00  3.0506486715800e-03
  4     -0.0000553101050262  1.4936156681569e+00  1.2938928911550e-02
  5     -0.0000503584426150  3.6410196089987e+00  3.5644591049605e+00
  6     -0.0000444412770116  1.8196478828985e+00  1.7822295777568e+00
  7      0.0000418078870490  2.6346334480977e+00  1.5571117221300e-02
  8      0.0000372356597388  2.1402440902650e+00  1.4500977488900e-03
  9     -0.0000234440533016  1.9871945729267e-01  2.4675315507400e-02
8
  1      0.0041510849668155  4.0899396355450e+00 -1.2906864146660e-02
  2      0.0006260521444113  1.4461888986270e+00  3.5515522949802e+00
  3      0.0000352747346169  2.1256287034578e+00  1.2727416567000e-04
  4      0.0000198194483636  5.5835619926762e+00  3.2065751140000e-05
  5      0.0000146399842989  4.4137212696837e-01  2.6642533547700e-03
  6      0.0000098749504021  4.5076118781320e-01 -3.5773660260022e+00
  7     -0.0000096819265753  5.9097266550442e+00  1.7693227079462e+00
  8     -0.0000083063168209  2.8751474873012e-01  8.7820791951527e-01
4
  1      0.0003142172466014  2.7964219722923e+00 -2.3150960980000e-03
  2      0.0000904169207946  1.0477061879627e+00 -5.6920638196000e-04
  3      0.0000175695395780  2.4150809680215e+00  0.0000000000000e+00
  4      0.0000164452324013  3.3368861773902e+00 -1.2491307197000e-04
5
  1      0.0044871037804314  0.0000000000000e+00  0.0000000000000e+00
  2      0.0000004324367498  1.8196456062910e+00  1.7822295777568e+00
  3      0.0000001603614750  4.3002726529577e+00  2.6733443704266e+00
  4     -0.0000001019146786  5.4589480865442e+00  5.3466887181044e+00
  5      0.0000000924734786  5.6222139048906e+00  8.9111478887838e-01
24
-3.7352634374713622e-01  1.7693227111234699e+00
  1      0.0008576433172936  4.3188693178264e+00  1.3034138308050e-02
  2      0.0004549582875086  1.4936531751079e+00  1.2938928819620e-02
  3      0.0003248939825174  1.8196494533458e+00  1.7822295777568e+00
  4     -0.0003074250079334  4.9377037005911e+00  1.3584832867240e-02
  5      0.0001982386144784  1.9079869054760e+00  3.0510121286900e-03
  6      0.0001834063551804  2.1402853388529e+00  1.4500978933800e-03
  7     -0.0001434383188452  5.6222140366630e+00  8.9111478887838e-01
  8     -0.0000771939140944  4.3002724372350e+00  2.6733443704266e+00
  9     -0.0000632289777196  2.6346392822098e+00  1.5571117084700e-02
 10      0.0000446766477388  5.4589448561143e+00  5.3466887181044e+00
 11      0.0000436574731410  3.6392908617709e+00  3.5644591656241e+00
 12      0.0000349172750296  2.8289867162553e+00  2.9885749150000e-05
 13     -0.0000325709094646  5.3721409780230e+00  1.2495233774000e-04
 14      0.0000205826473860  1.5258464215508e+00  2.9001315522200e-03
 15     -0.0000192706087556  2.9783311531879e+00  4.4555739317536e+00
 16      0.0000168028316254  2.4879414119403e+00  2.5119609725650e-02
 17     -0.0000141628733606  2.9183576504413e+00  6.4930403718000e-04
 18      0.0000140713155600  1.9872319369353e-01  2.4675315510310e-02
 19      0.0000131946915760  9.9584744364935e-01  7.1289183312483e+00
 20      0.0000106598617620  5.3356907396678e+00  3.0233219231900e-03
 21     -0.0000104011727738  6.2608296198866e+00  2.7856729211550e+00
 22      0.0000100746080234  4.4288900030073e+00  5.5297871931000e-04
 23      0.0000097414019416  2.7312462188296e+00  8.9111510230745e+00
 24     -0.0000094651366640  2.5010358163865e+00  9.3478322470000e-05
15
  1     -0.0093589104136341  4.0899396509039e+00 -1.2906864146660e-02
  2      0.0002988994545555  5.9097265185595e+00  1.7693227079462e+00
  3      0.0002139036390350  2.1256289300016e+00  1.2727418407000e-04
  4      0.0001980963564781  2.7435168292650e+00  6.7797343009000e-04
  5      0.0001210388158965  5.5839943711203e+00  3.2056614900000e-05
  6      0.0000837042048393  1.6094538368039e+00 -9.0402165808846e-01
  7      0.0000823525166369  1.4461887708689e+00  3.5515522949802e+00
  8     -0.0000315906532820  2.8751224400811e-01  8.7820791951527e-01
  9     -0.0000294503681314  4.5078002968967e-01 -3.5773660260022e+00
 10     -0.0000278946698536  2.2704374310903e+00 -1.7951364497113e+00
 11      0.0000144958688621  2.9313956641719e+00 -2.6862512422390e+00
 12      0.0000139052321679  6.0542576187622e+00 -2.5941002404500e-02
 13      0.0000108374431350  5.9320761116863e+00 -1.0163502160128e+00
 14     -0.0000082175838585  4.9144730088838e+00 -5.3595956184347e+00
 15      0.0000073925894084  2.5962855881215e+00 -2.5845792927870e-02
6
  1      0.0040404917832303  1.0477063169425e+00 -5.6920640540000e-04
  2      0.0002200421034564  3.3368857864364e+00 -1.2491307307000e-04
  3      0.0001662544744719  2.4134862374711e+00  0.0000000000000e+00
  4      0.0000590282470983  5.9719930968366e+00 -3.0561602250000e-05
  5     -0.0000105030331400  2.7964978379152e+00 -2.3150966123800e-03
  6     -0.0000102943248250  8.4898796322150e-01 -2.5244521901650e-02
4
  1      0.0071566594572575  0.0000000000000e+00  0.0000000000000e+00
  2      0.0000013930299110  1.1586745884981e+00  2.6733443704266e+00
  3      0.0000006449829346  5.6222145702102e+00  8.9111478887838e-01
  4      0.0000002298059520  1.2995924044108e+00  1.0034433456729e+00
20
 2.8740893911433479e-01  8.7820792358932798e-01
  1      0.0002310797886226  2.1402987195942e+00  1.4500978438400e-03
  2     -0.0001828635964118  4.3188672736968e+00  1.3034138282630e-02
  3      0.0001512378778204  4.9373102372298e+00  1.3584834812520e-02
  4     -0.0001163720969778  4.3002659861490e+00  2.6733443704266e+00
  5     -0.0000955478069846  1.4936612842567e+00  1.2938928798570e-02
  6      0.0000815246854464  5.6222137132535e+00  8.9111478887838e-01
  7     -0.0000801219679602  1.2995922951532e+00  1.0034433456729e+00
  8     -0.0000607017260182  6.4978769669238e-01  5.0172167043264e-01
  9      0.0000543922473002  2.7927547440639e+00  2.9880873700000e-05
 10     -0.0000489253646474  5.3711728089803e+00  1.2495278292000e-04
 11     -0.0000427574981536  1.8196513407448e+00  1.7822295777568e+00
 12     -0.0000307360417826  1.9498372703786e+00  1.5051650064903e+00
 13     -0.0000169767346458  1.9078637281659e+00  3.0507678226700e-03
 14      0.0000154725890508  5.6912713028984e+00  6.5164073556000e-04
 15     -0.0000145268863648  1.8863875475387e-01  1.2530827181195e-01
 16     -0.0000135654458738  2.7930238268852e+00  5.5663681407000e-04
 17     -0.0000134648621904  2.5991972928128e+00  2.0068866945508e+00
 18      0.0000095524017320  2.3173520454449e+00  5.3466887181044e+00
 19      0.0000087955125170  3.6393024031096e+00  3.5644591656241e+00
 20      0.0000075462003630  5.3560617584395e+00  9.2426977490000e-05
13
  1      0.0014289811307319  2.1256295942739e+00  1.2727413029000e-04
  2      0.0007710931226760  5.5836330003496e+00  3.2064341100000e-05
  3      0.0005925911780766  4.0899396636448e+00 -1.2906864146660e-02
  4      0.0002045597496146  5.2713683670372e+00 -1.2523544076106e-01
  5      0.0001785118648258  2.8743156721063e-01  8.7820792442520e-01
  6      0.0001131999784893  1.4462127277818e+00  3.5515522949802e+00
  7     -0.0000658778169210  2.2702423990985e+00 -1.7951364394537e+00
  8      0.0000497058888328  5.9096792204858e+00  1.7693227129285e+00
  9     -0.0000316384926978  1.6093054939404e+00 -9.0402165028424e-01
 10      0.0000287801237327  4.6217321268757e+00 -6.2695712341840e-01
 11     -0.0000181744317896  5.9210641379360e+00  3.7648623991673e-01
 12      0.0000105558175161  3.9720191398746e+00 -1.1286788041058e+00
 13     -0.0000070808673396  6.0542548894164e+00 -2.5941002415210e-02
5
  1      0.0015932721570848  3.3368862796665e+00 -1.2491307058000e-04
  2      0.0008533093128905  2.4133881688166e+00  0.0000000000000e+00
  3      0.0003513347911037  5.9720789850127e+00 -3.0561017710000e-05
  4     -0.0001441929255483  1.0477061764435e+00 -5.6920632124000e-04
  5      0.0000157303527750  5.5604041197704e+00  2.9003665011200e-03
5
  1      0.0125879701715314  0.0000000000000e+00  0.0000000000000e+00
  2      0.0000035952049470  6.4965776007116e-01  5.0172168165034e-01
  3      0.0000027580210652  1.8084235781510e+00  3.1750660413359e+00
  4      0.0000012874896172  6.2718908285025e+00  1.3928364698403e+00
  5     -0.0000004173729106  1.2990650292663e+00  1.0034433697108e+00
15
-3.6203412913757038e-01  3.7648623343382798e-01
  1      0.0005586040123824  2.1404207189815e+00  1.4500979323100e-03
  2     -0.0003805813868176  2.7358844897853e+00  2.9729650620000e-05
  3      0.0002205152863262  6.4979652596400e-01  5.0172167243580e-01
  4      0.0001877895151158  1.8084787604005e+00  3.1750660413359e+00
  5      0.0000766916975242  6.2720114319755e+00  1.3928364636651e+00
  6      0.0000747056855106  1.2995916202344e+00  1.0034433456729e+00
  7     -0.0000388323297366  7.1289234751879e-01  7.5007236972328e-01
  8      0.0000335036484314  5.3712641184981e+00  1.2494011725000e-04
  9      0.0000293032677938  1.9493939340593e+00  1.5051650209131e+00
 10      0.0000185940935472  1.4630998372377e+00  2.9001339405200e-03
 11     -0.0000170438022886  5.6893382353856e+00  6.5165044781000e-04
 12      0.0000151393833114  2.8749516044614e+00  5.5646069067000e-04
 13     -0.0000148825637256  3.3321074618840e+00  1.2530790075011e-01
 14      0.0000129927896682  2.5991973549465e+00  2.0068866945508e+00
 15     -0.0000116117398772  5.6192268627131e+00  9.3166256720000e-05
14
  1      0.0073755808467977  5.5836071576084e+00  3.2065099140000e-05
  2      0.0002065924169942  5.9209831565786e+00  3.7648624194703e-01
  3      0.0001589869764021  2.8744006242623e-01  8.7820792442520e-01
  4     -0.0001561131605348  2.1257397865089e+00  1.2727441285000e-04
  5      0.0001486043380971  1.4462134301023e+00  3.5515522949802e+00
  6      0.0000635073108731  5.9096803285954e+00  1.7693227129285e+00
  7      0.0000599351698525  4.1125517584798e+00 -2.7985797954589e+00
  8      0.0000540660842731  5.5390350845569e+00  2.8683408228300e-03
  9     -0.0000489596900866  4.6218149483338e+00 -6.2695712529519e-01
 10      0.0000333682283528  5.2066975238880e+00 -3.7358601734497e-01
 11      0.0000295832427279  5.9322697896516e+00 -1.0163502275209e+00
 12      0.0000292325461337  5.2707623402008e+00 -1.2523542448602e-01
 13      0.0000197588369441  3.3317768022759e+00  0.0000000000000e+00
 14     -0.0000183551029746  3.9720443249757e+00 -1.1286788041058e+00
4
  1      0.0038422977898495  2.4133922085557e+00  0.0000000000000e+00
  2      0.0022453891791894  5.9721736773277e+00 -3.0561255250000e-05
  3     -0.0002604479450559  3.3368746306409e+00 -1.2491309972000e-04
  4      0.0000332112143230  5.5604137742337e+00  2.9003768850700e-03

