TRUNC_VSOP87 version=2 body=7 ncoords=3
    coord=0, nseries=2
        series=0, nterms=10
              0      5.31188633046  0.00000000000        0.00000000000
              1      0.01798475530  2.90101273890       38.13303563780
              2      0.01019727652  0.48580922867        1.48447270830
              3      0.00124531845  4.83008090676       36.64856292950
              4      0.00042064466  5.41054993053        2.96894541660
              5      0.00037714584  6.09221808686       35.16409022120
              6      0.00033784738  1.24488874087       76.26607127560
              7      0.00016482741  0.00007727998      491.55792945680
              8      0.00009198584  4.93747051954       39.61750834610
              9      0.00008994250  0.27462171806      175.16605980020
        series=1, nterms=3
              0     38.13303563957  0.00000000000        0.00000000000
              1      0.00016604172  4.86323329249        1.48447270830
              2      0.00015744045  2.27887427527       38.13303563780
    coord=1, nseries=1
        series=0, nterms=5
              0      0.03088622933  1.44104372644       38.13303563780
              1      0.00027780087  5.91271884599       76.26607127560
              2      0.00027623609  0.00000000000        0.00000000000
              3      0.00015355489  2.52123799551       36.64856292950
              4      0.00015448133  3.50877079215       39.61750834610
    coord=2, nseries=1
        series=0, nterms=12
              0     30.07013205828  0.00000000000        0.00000000000
              1      0.27062259632  1.32999459377       38.13303563780
              2      0.01691764014  3.25186135653       36.64856292950
              3      0.00807830553  5.18592878704        1.48447270830
              4      0.00537760510  4.52113935896       35.16409022120
              5      0.00495725141  1.57105641650      491.55792945680
              6      0.00274571975  1.84552258866      175.16605980020
              7      0.00012012320  1.92059384991     1021.24889455140
              8      0.00121801746  5.79754470298       76.26607127560
              9      0.00100896068  0.37702724930       73.29712585900
             10      0.00135134092  3.37220609835       39.61750834610
             11      0.00007571796  1.07149207335      388.46515523820
