TRUNC_VSOP87 version=2 body=1 ncoords=3
    coord=0, nseries=2
        series=0, nterms=10
              0      3.17614666774  0.00000000000        0.00000000000
              1      0.01353968419  5.59313319619    10213.28554621100
              2      0.00089891645  5.30650047764    20426.57109242200
              3      0.00005477194  4.41630661466     7860.41939243920
              4      0.00003455741  2.69964447820    11790.62908865880
              5      0.00002372061  2.99377542079     3930.20969621960
              6      0.00001317168  5.18668228402       26.29831979980
              7      0.00001664146  4.25018630147     1577.34354244780
              8      0.00001438387  4.15745084182     9683.59458111640
              9      0.00001200521  6.15357116043    30639.85663863300
        series=1, nterms=3
              0  10213.28554621638  0.00000000000        0.00000000000
              1      0.00095617813  2.46406511110    10213.28554621100
              2      0.00007787201  0.62478482220    20426.57109242200
    coord=1, nseries=2
        series=0, nterms=3
              0      0.05923638472  0.26702775812    10213.28554621100
              1      0.00040107978  1.14737178112    20426.57109242200
              2      0.00032814918  3.14159265359        0.00000000000
        series=1, nterms=1
              0      0.00287821243  1.88964962838    10213.28554621100
    coord=2, nseries=2
        series=0, nterms=8
              0      0.72334820891  0.00000000000        0.00000000000
              1      0.00489824182  4.02151831717    10213.28554621100
              2      0.00001658058  4.90206728031    20426.57109242200
              3      0.00001378043  1.12846591367    11790.62908865880
              4      0.00001632096  2.84548795207     7860.41939243920
              5      0.00000498395  2.58682193892     9683.59458111640
              6      0.00000221985  2.01346696541    19367.18916223280
              7      0.00000237454  2.55136053886    15720.83878487840
        series=1, nterms=1
              0      0.00034551041  0.89198706276    10213.28554621100
