5 2411545.0
    5.2027787031    5.4273729855    0.0474307490    0.0119309212   -0.0020314597    0.0112167899
    2.9837893556   -4.1334108959   -0.0501531375    0.0060327773    0.0047801335   -0.0001547883
    2.9837884067   -3.7723816305   -1.6901903644    0.0060327784    0.0044472567    0.0017594117
5 2415545.0
    5.2038176836    4.9451607530    0.0471559765    0.0114070424   -0.0020332163    0.0112136445
    0.7069937453   -5.1690688840    0.0051647229    0.0073955980    0.0013793232   -0.0001715056
    0.7069925519   -4.7445829297   -2.0513981360    0.0073955984    0.0013337235    0.0003913098
5 2419545.0
    5.2031571724    4.4623167347    0.0466623840    0.0116688657   -0.0020341155    0.0112124427
   -1.7382868785   -5.0393558229    0.0594937368    0.0070506927   -0.0021117826   -0.0001495489
   -1.7382880473   -4.6471837304   -1.9499553651    0.0070506922   -0.0018780374   -0.0009772270
5 2423545.0
    5.2036777564    3.9785888277    0.0463956966    0.0127121703   -0.0020448196    0.0112122820
   -3.8212263699   -3.8393156519    0.1014105115    0.0052558236   -0.0049787716   -0.0000975172
   -3.8212272660   -3.5628413197   -1.4341491027    0.0052558225   -0.0045291452   -0.0020699110
5 2427545.0
    5.2028498332    3.4960804314    0.0467350935    0.0129920611   -0.0020459729    0.0112100856
   -5.1281910836   -1.8540304295    0.1225853924    0.0024696104   -0.0067511464   -0.0000277492
   -5.1281915237   -1.7498001515   -0.6250207418    0.0024696088   -0.0061830188   -0.0027109101
5 2431545.0
    5.2019289797    3.0133520907    0.0474068316    0.0123323898   -0.0020533429    0.0112022424
   -5.4147719854    0.5088417215    0.1192487254   -0.0007989703   -0.0071635482    0.0000473282
   -5.4147718799    0.4194201504    0.3118141048   -0.0007989720   -0.0065912533   -0.0028060719
5 2435545.0
    5.2022852449    2.5315367459    0.0473940273    0.0119440324   -0.0020542120    0.0112017940
   -4.6121625234    2.7596881300    0.0920089212   -0.0039670583   -0.0061249441    0.0001140624
   -4.6121618958    2.4953666793    1.1821569871   -0.0039670597   -0.0056648972   -0.0023317116
5 2439545.0
    5.2027385191    2.0491122114    0.0467765878    0.0116814148   -0.0020547656    0.0111995603
   -2.8475618757    4.4366372581    0.0455592437   -0.0064433310   -0.0037271656    0.0001596729
   -2.8475608564    4.0524137110    1.8065920194   -0.0064433318   -0.0034831204   -0.0013360837
5 2443545.0
    5.2023828001    1.5666703815    0.0464356664    0.0119227152   -0.0020556717    0.0111984976
   -0.4627158329    5.1299064821   -0.0107294494   -0.0076117912   -0.0003273149    0.0001718604
   -0.4627146480    4.7108655844    2.0307146964   -0.0076117913   -0.0003686658    0.0000274805
5 2447545.0
    5.2031355532    1.0827082978    0.0463907510    0.0130152651   -0.0020687376    0.0111956117
    2.0318679092    4.6083104503   -0.0645753352   -0.0070080479    0.0033990171    0.0001428832
    2.0318689791    4.2537285718    1.7738331573   -0.0070080471    0.0030617036    0.0014831436
5 2451545.0
    5.2042666342    0.5999763758    0.0469878194    0.0130818025   -0.0020729727    0.0111944467
    4.0011765090    2.9385770057   -0.1017848836   -0.0045683150    0.0064432050    0.0000755810
    4.0011771973    2.7365785769    1.0755125128   -0.0045683135    0.0058814622    0.0026323030
6 2411545.0
    9.5223420529    2.6372559029   -0.0013261900    0.0534078747   -0.0088168967    0.0198122553
   -8.5151107485    3.6958969544    0.2724266185   -0.0025150364   -0.0051284514    0.0001902254
   -8.5151099229    3.2825565207    1.7200893318   -0.0025150377   -0.0047809292   -0.0018654516
6 2415545.0
    9.5804354911    4.9717748268   -0.0020310851    0.0511811007   -0.0087942921    0.0198063113
    2.3770601571   -9.7753056464    0.0778270361    0.0051190044    0.0013009091   -0.0002258174
    2.3770578935   -8.9996266748   -3.8169867702    0.0051190047    0.0012833845    0.0003102882
6 2419545.0
    9.5168564274    1.0254146637   -0.0037611869    0.0532426495   -0.0087972195    0.0198300523
    5.2172899954    7.4627096126   -0.3384594322   -0.0048705397    0.0031821245    0.0001372753
    5.2172917514    6.9815327942    2.6579637073   -0.0048705390    0.0028649386    0.0013917236
6 2423545.0
    9.5761016087    3.3661620556   -0.0056412588    0.0519988375   -0.0087719302    0.0198161659
   -9.1381882145   -3.1037266618    0.4169128030    0.0015020537   -0.0053024958    0.0000335200
   -9.1381889725   -3.0134497797   -0.8520810108    0.0015020524   -0.0048782790   -0.0020784568
6 2427545.0
    9.5333198288    5.7000637557   -0.0032572698    0.0533175058   -0.0087667259    0.0198329508
    7.7506648803   -6.0845344478   -0.2008959388    0.0031424327    0.0043705871   -0.0002014210
    7.7506634963   -5.5025418089   -2.6046062505    0.0031424337    0.0040900554    0.0015537188
6 2431545.0
    9.5707010612    1.7571326444   -0.0040492809    0.0564567129   -0.0087484516    0.0198337303
   -1.7986459363    8.8517041566   -0.0835886246   -0.0057683747   -0.0011284873    0.0002487372
   -1.7986438853    8.1545304920    3.4443131923   -0.0057683750   -0.0011343074   -0.0002206744
6 2435545.0
    9.5556956851    4.0881041861   -0.0038932120    0.0534997061   -0.0087356358    0.0198561507
   -5.2734486982   -8.4411486389    0.3571505345    0.0044250591   -0.0029779549   -0.0001237880
   -5.2734506818   -7.8866679951   -3.0300154886    0.0044250584   -0.0026829815   -0.0012981352
6 2439545.0
    9.5373716710    0.1451158539   -0.0025720693    0.0551206791   -0.0087581665    0.0198520808
    9.5012014887    0.3273418159   -0.3832417728   -0.0005030076    0.0055610489   -0.0000774924
    9.5012016026    0.4527726376   -0.2214084358   -0.0005030063    0.0051329878    0.0021409594
6 2443545.0
    9.5773036126    2.4779176825   -0.0045814726    0.0574331453   -0.0087301854    0.0198514786
   -7.7367302836    5.0142906724    0.2197747662   -0.0033421475   -0.0046978993    0.0002148718
   -7.7367291484    4.5131027006    2.1962088866   -0.0033421486   -0.0043957089   -0.0016715752
6 2447545.0
    9.5206673892    4.8205638436   -0.0020363990    0.0549642681   -0.0087152442    0.0198711621
    1.0138819751   -9.9909266744    0.1339473221    0.0052446358    0.0005489953   -0.0002181574
    1.0138796561   -9.2197781312   -3.8512664946    0.0052446359    0.0005904700    0.0000182222
6 2451545.0
    9.5820171839    0.8727423138    0.0003339761    0.0557223942   -0.0086968652    0.0198659601
    6.4064072829    6.5699911672   -0.3690759288   -0.0042923528    0.0038903147    0.0001029490
    6.4064088360    6.1746578099    2.2747707599   -0.0042923519    0.0035283446    0.0016419315
7 2411545.0
   19.2176223324    3.5628257867   -0.0473181191    0.0060839306    0.0018734884    0.0065084833
  -16.4159077782   -8.4156337131    0.1821646731    0.0017679079   -0.0036818680   -0.0000368112
  -16.4159097384   -7.7936503543   -3.1804126394    0.0017679071   -0.0033634059   -0.0014983360
7 2415545.0
   19.3078158680    4.3814332307   -0.0472300306    0.0020101881    0.0018655718    0.0065118858
   -4.5170357837  -18.5464674546   -0.0103714034    0.0037997763   -0.0011124428   -0.0000536418
   -4.5170400626  -17.0119258730   -7.3868736313    0.0037997761   -0.0009993099   -0.0004917196
7 2419545.0
   19.2609786998    5.1965156925   -0.0455713785    0.0041379840    0.0018626228    0.0064993108
   10.4746959535  -16.7628212168   -0.1986158555    0.0033109956    0.0019007202   -0.0000359602
   10.4746921051  -15.3005867774   -6.8500911158    0.0033109960    0.0017581801    0.0007230699
7 2423545.0
   19.1641280066    6.0140255365   -0.0482134144    0.0065539773    0.0018640146    0.0064917153
   19.4279734103   -5.1036769981   -0.2712869636    0.0009738276    0.0036154495    0.0000008349
   19.4279722597   -4.5746256309   -2.2790262313    0.0009738284    0.0033167780    0.0014389087
7 2427545.0
   19.1513346125    0.5528437562   -0.0483077912    0.0065419779    0.0018604017    0.0064933332
   17.5128778084    9.4277704976   -0.1923681858   -0.0018908609    0.0032752418    0.0000367450
   17.5128800033    8.7263262166    3.5736558255   -0.0018908601    0.0029903600    0.0013365287
7 2431545.0
   19.2256858448    1.3757063100   -0.0478598229    0.0094931487    0.0018638621    0.0065047115
    5.5570769797   18.4520761638   -0.0035103569   -0.0037980451    0.0009446179    0.0000529353
    5.5570812382   16.9308451335    7.3365906805   -0.0037980449    0.0008456146    0.0004243145
7 2435545.0
   19.2860044133    2.1928483925   -0.0497855962    0.0108653028    0.0018579527    0.0064989894
   -9.7178394923   15.8349539607    0.1851661531   -0.0033852191   -0.0022470293    0.0000356537
   -9.7178358567   14.4546349402    6.4686670071   -0.0033852197   -0.0020757906   -0.0008611049
7 2439545.0
   19.2488403585    3.0072821248   -0.0492295290    0.0091492800    0.0018524697    0.0064887352
  -18.1327084599    2.3525262155    0.2440493245   -0.0005411276   -0.0040864673   -0.0000081182
  -18.1327079414    2.0613281238    1.1596916986   -0.0005411285   -0.0037460314   -0.0016329510
7 2443545.0
   19.1729005299    3.8258250784   -0.0469759833    0.0091556213    0.0018468533    0.0064789913
  -13.4822118262  -12.8320221210    0.1273132103    0.0026752175   -0.0030338239   -0.0000458746
  -13.4822148002  -11.8237898977   -4.9874755771    0.0026752168   -0.0027652320   -0.0012488745
7 2447545.0
   19.1614227781    4.6497814976   -0.0458235327    0.0089270617    0.0018557191    0.0064823641
    0.5626009719  -19.3094871663   -0.0789653219    0.0038970279   -0.0000655024   -0.0000507705
    0.5625965238  -17.6846990204   -7.7533190124    0.0038970279   -0.0000399029   -0.0000726364
7 2451545.0
   19.2294114806    5.4713784600   -0.0438003575    0.0073054805    0.0018595557    0.0064802671
   14.4318597368  -13.7343124952   -0.2381402866    0.0026781039    0.0026726980   -0.0000247713
   14.4318565912  -12.5062632225   -5.6816829826    0.0026781045    0.0024620054    0.0010404106
8 2411545.0
   30.0385848116    1.1425611236    0.0069759738    0.0045558242   -0.0102865503    0.0115258166
   12.1323737680   27.2358156790   -0.8402970493   -0.0028808365    0.0013000400    0.0000396763
   12.1323801372   25.3226220377   10.0628233325   -0.0028808362    0.0011769819    0.0005535283
8 2415545.0
   29.9279835576    1.5621276321    0.0064946711    0.0015799581   -0.0102933815    0.0115145039
   -0.1361001486   29.8736955833   -0.6120874687   -0.0031486924    0.0000075869    0.0000723810
   -0.1360931935   27.6520562832   11.3214894814   -0.0031486924   -0.0000218299    0.0000694261
8 2419545.0
   30.0170916133    1.9826291988    0.0058295447    0.0041296213   -0.0102933047    0.0115137289
  -12.3856664077   27.2950563718   -0.2768012940   -0.0028713970   -0.0012778264    0.0000924602
  -12.3856600812   25.1528348346   10.6033852046   -0.0028713973   -0.0012091607   -0.0004234594
8 2423545.0
   30.1299497653    2.4032479627    0.0029755915    0.0055791236   -0.0102819997    0.0115053817
  -22.4955909190   19.9749605277    0.1069138279   -0.0020971515   -0.0023332876    0.0000962732
  -22.4955863201   18.2841471833    8.0436712600   -0.0020971520   -0.0021790444   -0.0008397992
8 2427545.0
   30.1872688244    2.8186551988    0.0019409037    0.0059500803   -0.0102744256    0.0115078693
  -28.7387999813    9.2257357891    0.4720349676   -0.0009740729   -0.0029744613    0.0000835706
  -28.7387978995    8.2766903262    4.1028690888   -0.0009740736   -0.0027622573   -0.0011064977
8 2431545.0
   30.2554951937    3.2313775463    0.0000012399    0.0063867378   -0.0102775062    0.0115165836
  -30.1064743198   -3.0897959033    0.7572289032    0.0003006829   -0.0031105106    0.0000570313
  -30.1064751086   -3.1360331988   -0.5343057342    0.0003006821   -0.0028765237   -0.0011849644
8 2435545.0
   30.2115050188    3.6473388608    0.0012560064    0.0053556928   -0.0102748165    0.0115253146
  -26.3968290264  -14.8959835271    0.9148977181    0.0015219008   -0.0027214268    0.0000208510
  -26.3968325555  -14.0307173593   -5.0858772248    0.0015219002   -0.0025051549   -0.0010633905
8 2439545.0
   30.0346199681    4.0649027395    0.0053373554    0.0080140777   -0.0102863740    0.0115221118
  -18.2523409925  -24.1973314887    0.9187454354    0.0024805200   -0.0018740193   -0.0000186146
  -18.2523466684  -22.5660705063   -8.7822092356    0.0024805195   -0.0017119754   -0.0007625203
8 2443545.0
   29.9603949002    4.4837211333    0.0058147808    0.0098166748   -0.0102933215    0.0115153097
   -7.0564953900  -29.4431348410    0.7689259377    0.0030248141   -0.0007155009   -0.0000549532
   -7.0565022614  -27.3194094206  -11.0063258309    0.0030248139   -0.0006346009   -0.0003350284
8 2447545.0
   30.0263850009    4.9061335844    0.0069738198    0.0078378565   -0.0102917616    0.0115124104
    5.3316497169  -29.7409947230    0.4895893107    0.0030648303    0.0005743784   -0.0000824194
    5.3316428047  -27.4815799727  -11.3810940035    0.0030648305    0.0005597657    0.0001528562
8 2451545.0
   30.1036378413    5.3268940349    0.0089042943    0.0068185107   -0.0102818988    0.0115020495
   16.8120537734  -24.9917592769    0.1272247541    0.0025792738    0.0017769013   -0.0000959080
   16.8120479934  -22.9801039107   -9.8244204151    0.0025792742    0.0016684245    0.0006188166
9 2411545.0
   39.4227219159    1.3910260961   -0.1777508423   -0.1751661709   -0.0515906603    0.1400924565
   17.6212944088   43.6567983387   -9.7715435955   -0.0020295942    0.0006425559    0.0005199070
   17.6213054610   43.9412232438    8.4004533071   -0.0020295941    0.0003827270    0.0007325993
9 2415545.0
   39.3129146524    1.6701997041   -0.1783612429   -0.1779924626   -0.0516228194    0.1402646297
    9.1596679764   45.2397627706   -7.4938460609   -0.0021744995    0.0001462581    0.0006157379
    9.1596791660   44.4875512788   11.1198669305   -0.0021744996   -0.0001107366    0.0006231066
9 2419545.0
   39.3965378947    1.9513031849   -0.1790052702   -0.1758630873   -0.0517317679    0.1400370267
    0.2778752130   44.7359080855   -4.8707243356   -0.0022347202   -0.0004097400    0.0006916191
    0.2778860239   42.9818583697   13.3261124440   -0.0022347204   -0.0006510387    0.0004715630
9 2423545.0
   39.4657239282    2.2334191944   -0.1807103287   -0.1753258533   -0.0517880153    0.1399105827
   -8.6130795200   41.9002057556   -1.9970350757   -0.0021746547   -0.0010229889    0.0007393889
   -8.6130696510   39.2370669120   14.8346938492   -0.0021746550   -0.0012326854    0.0002714547
9 2427545.0
   39.5593694964    2.5096847076   -0.1812211321   -0.1734627389   -0.0517677831    0.1397986209
  -16.9607818968   36.5446956166    0.9918880322   -0.0019626657   -0.0016717896    0.0007469807
  -16.9607735628   33.1345593015   15.4466786780   -0.0019626662   -0.0018309683    0.0000203420
9 2431545.0
   39.7847670022    2.7848046342   -0.1845941835   -0.1699972663   -0.0515878839    0.1395657405
  -24.0688686325   28.5641960353    3.9020468053   -0.0015503134   -0.0023306607    0.0006965583
  -24.0688624312   24.6550011074   14.9422382300   -0.0015503140   -0.0024154140   -0.0002880034
9 2435545.0
   39.8105744754    3.0604019239   -0.1852877487   -0.1708736691   -0.0515453635    0.1396201152
  -29.0024803371   18.0517358044    6.4541490784   -0.0008745801   -0.0029167388    0.0005638157
  -29.0024768171   13.9948403475   13.1021316473   -0.0008745809   -0.0029003284   -0.0006429208
9 2439545.0
   39.6397923115    3.3340683196   -0.1822720892   -0.1711734649   -0.0514465972    0.1397125871
  -30.6589092757    5.5696160063    8.2713957869    0.0000793451   -0.0032831313    0.0003266021
  -30.6589088179    1.8198599397    9.8043229541    0.0000793443   -0.0031421292   -0.0010063025
9 2443545.0
   39.5355974284    3.6105864836   -0.1808345328   -0.1711943219   -0.0514051941    0.1398362331
  -28.0398748855   -7.6299955180    8.9264211692    0.0012338705   -0.0032343300   -0.0000129936
  -28.0398775393  -10.5511024785    5.1547952585    0.0012338698   -0.0029622718   -0.0012984634
9 2447545.0
   39.3577302458    3.8918549636   -0.1773615624   -0.1712128776   -0.0516130547    0.1398594031
  -20.7970677636  -19.5287051882    8.1059727504    0.0023318310   -0.0026158302   -0.0003955453
  -20.7970730811  -21.1416023203   -0.3309844592    0.0023318304   -0.0022426393   -0.0014034228
9 2451545.0
   39.2648542648    4.1726045776   -0.1758641167   -0.1701234143   -0.0517015914    0.1398654514
   -9.8753625435  -27.9588613710    5.8504463318    0.0030287536   -0.0015378008   -0.0007122001
   -9.8753695808  -27.9789262247   -5.7537118247    0.0030287533   -0.0011276087   -0.0012651327
