0   -340866.750000000000    1.5     2.7     7.4  2233.390067 -5966.178081   311.806727  1559.005842   591.264250   146.628157
1   -340866.750000000000    1.5     2.7     7.4   973.242631 -6301.256255   165.843028  1654.181469   255.491899     0.000000
0    -10610.845833333333    1.5     2.7     7.4  4917.997709 -4057.280564   179.745604  1065.098618  1291.181101     2.956544
1    -10610.845833333333    1.5     2.7     7.4  4892.186236 -4088.954078   165.843028  1073.416441  1284.277847     0.000000
0    -10610.845138888890    1.5     2.7     7.4  4935.702219 -4035.722113   179.794744  1059.439199  1295.828839     2.940546
1    -10610.845138888890    1.5     2.7     7.4  4910.029631 -4067.510373   165.843028  1067.787122  1288.962026     0.000000
0      5541.594270833333    1.5     2.7     7.4 -6029.740866 -2071.772942   174.692545   543.871221 -1582.970553    -0.876027
1      5541.594270833333    1.5     2.7     7.4 -6022.887692 -2092.332540   165.843028   549.271062 -1581.105229     0.000000
0   -340866.750000000000  -53.7   141.7   100.0  1766.245605  3597.188199 -4944.294117  -928.149239   344.849034   -80.669279
1   -340866.750000000000  -53.7   141.7   100.0  2017.642979  3201.493430 -5117.126871  -840.443698   529.663847     0.000000
0    -10610.845833333333  -53.7   141.7   100.0  -608.952171  3732.421247 -5118.949080  -979.850538  -163.630027    -2.745500
1    -10610.845833333333  -53.7   141.7   100.0  -599.203679  3736.495461 -5117.126871  -980.890365  -157.300637     0.000000
0    -10610.845138888890  -53.7   141.7   100.0  -625.276998  3729.658362 -5118.994820  -979.125239  -167.915573    -2.743357
1    -10610.845138888890  -53.7   141.7   100.0  -615.546069  3733.838027 -5117.126871  -980.192746  -161.590778     0.000000
0      5541.594270833333  -53.7   141.7   100.0  3500.138870 -1419.730210 -5122.384681   372.760822   920.835765    -0.512205
1      5541.594270833333  -53.7   141.7   100.0  3512.555648 -1407.975922 -5117.126871   369.616404   922.102550     0.000000
0   -340866.750000000000   30.0   -85.2   -50.0 -5359.762354 -2171.038714  2678.019222   560.933779 -1337.916536    38.014348
1   -340866.750000000000   30.0   -85.2   -50.0 -5428.840075 -1043.472307  3170.348486   273.928322 -1425.158141     0.000000
0    -10610.845833333333   30.0   -85.2   -50.0 -3368.074670 -4390.475808  3161.019415  1152.586958  -881.841910     3.256344
1    -10610.845833333333   30.0   -85.2   -50.0 -3387.466805 -4368.776449  3170.348486  1146.874330  -889.264710     0.000000
0    -10610.845138888890   30.0   -85.2   -50.0 -3348.832795 -4405.131102  3161.073777  1156.434194  -876.790587     3.267013
1    -10610.845138888890   30.0   -85.2   -50.0 -3368.319866 -4383.555668  3170.348486  1150.754113  -884.238329     0.000000
0      5541.594270833333   30.0   -85.2   -50.0 -1981.972495  5158.761463  3173.517566 -1354.293294  -521.534453     1.985108
1      5541.594270833333   30.0   -85.2   -50.0 -2004.270315  5152.090791  3170.348486 -1352.506987  -526.153307     0.000000
0   -340866.750000000000   90.0    45.0   -50.0  -572.578879   -60.187704  6330.575754     0.000000     0.000000     0.000000
1   -340866.750000000000   90.0    45.0   -50.0     0.000000    -0.000000  6356.701858     0.000000     0.000000     0.000000
0    -10610.845833333333   90.0    45.0   -50.0   -17.837666     0.158832  6356.676829    -0.000000     0.000000    -0.000000
1    -10610.845833333333   90.0    45.0   -50.0     0.000000     0.000000  6356.701858    -0.000000     0.000000     0.000000
0    -10610.845138888890   90.0    45.0   -50.0   -17.837664     0.158832  6356.676829    -0.000000     0.000000    -0.000000
1    -10610.845138888890   90.0    45.0   -50.0     0.000000     0.000000  6356.701858    -0.000000     0.000000     0.000000
0      5541.594270833333   90.0    45.0   -50.0     9.425229    -0.279554  6356.694864     0.000000    -0.000000    -0.000000
1      5541.594270833333   90.0    45.0   -50.0    -0.000000    -0.000000  6356.701858     0.000000    -0.000000     0.000000
0   -340866.750000000000  -90.0  -180.0     0.0   572.583383    60.188178 -6330.625549    -0.000000    -0.000000    -0.000000
1   -340866.750000000000  -90.0  -180.0     0.0    -0.000000     0.000000 -6356.751858    -0.000000    -0.000000     0.000000
0    -10610.845833333333  -90.0  -180.0     0.0    17.837807    -0.158833 -6356.726828    -0.000000    -0.000000    -0.000000
1    -10610.845833333333  -90.0  -180.0     0.0    -0.000000     0.000000 -6356.751858    -0.000000    -0.000000     0.000000
0    -10610.845138888890  -90.0  -180.0     0.0    17.837804    -0.158833 -6356.726828    -0.000000    -0.000000    -0.000000
1    -10610.845138888890  -90.0  -180.0     0.0    -0.000000     0.000000 -6356.751858    -0.000000    -0.000000     0.000000
0      5541.594270833333  -90.0  -180.0     0.0    -9.425303     0.279556 -6356.744864    -0.000000     0.000000     0.000000
1      5541.594270833333  -90.0  -180.0     0.0     0.000000     0.000000 -6356.751858    -0.000000     0.000000     0.000000
