    tt    m             px                      py                      pz                      vx                      vy                      vz
 -5000.0  0   1.1350070233562767e-03 -2.3469490469952767e-03 -1.0991720244025746e-03  9.1472093587637148e-03  3.5385336966354511e-03  1.8341520213140572e-03
 -5000.0  1  -3.5375760294605739e-03 -2.4722051909331555e-03 -1.2644330645984673e-03  4.9444618898500554e-03 -5.5941912515236796e-03 -2.6325781717240083e-03
 -5000.0  2   2.6447504576940830e-04 -6.4554220546226906e-03 -3.0649138061931611e-03  6.2841050301079967e-03  1.7501429617596063e-04  1.5663498739727547e-04
 -5000.0  3  -9.2192472384501692e-03 -7.7537964921361056e-03 -3.8064191415357667e-03  3.2503535731760488e-03 -3.1114069246734257e-03 -1.4291408177270399e-03
 -4900.0  0  -1.5186073534593195e-03  2.1463277383384038e-03  9.9750700698363103e-04 -8.4652655318582393e-03 -4.8174786385830632e-03 -2.4304908204840700e-03
 -4900.0  1   5.4825531340792612e-04 -3.9725728527615009e-03 -1.9210837427605641e-03  7.9479899947791904e-03  8.0151221010213035e-04  5.3404356080820304e-04
 -4900.0  2  -7.7428124849558526e-04 -6.4179510324178374e-03 -3.0595065307231478e-03  6.2490843099024971e-03 -6.4492670272974168e-04 -2.3368354010989961e-04
 -4900.0  3  -9.6437959223371842e-03 -7.3270186304487863e-03 -3.6097891354846014e-03  3.0721361164138105e-03 -3.2533814941731825e-03 -1.4989363238825952e-03
 -4800.0  0   1.8395991500941369e-03 -1.9305268665088012e-03 -8.8987507618784730e-04  7.5724220260596602e-03  5.9068962884074845e-03  2.9337830160287588e-03
 -4800.0  1   4.0817688229727372e-03 -1.7833132609675912e-03 -7.9027944784731713e-04  3.4178825144306813e-03  6.3509370391556736e-03  3.1494165623158197e-03
 -4800.0  2  -1.7915701750902996e-03 -6.2413524204236424e-03 -2.9877278601451013e-03  6.0904232949064016e-03 -1.4496054278003367e-03 -6.1825638270052293e-04
 -4800.0  3  -1.0043660531353507e-02 -6.8820519237285790e-03 -3.4041482761369662e-03  2.8877650216587577e-03 -3.3861840774478385e-03 -1.5644228912304358e-03
 -4700.0  0  -2.1604640452414950e-03  1.6615460129946254e-03  7.5700099671927902e-04 -6.4209738113453797e-03 -6.8576868798561081e-03 -3.3673809734162115e-03
 -4700.0  1   3.8516311032789513e-03  2.0153832489877188e-03  1.0523990539873581e-03 -4.1027414436422263e-03  6.1661925644628341e-03  2.9164625175526772e-03
 -4700.0  2  -2.7613295803126138e-03 -5.9370378926299596e-03 -2.8545330017899239e-03  5.8051036438615386e-03 -2.2230054783702060e-03 -9.8941965128873373e-04
 -4700.0  3  -1.0418634550799872e-02 -6.4193338976287293e-03 -3.1897512779048153e-03  2.6948191924072618e-03 -3.5116036801439293e-03 -1.6264770454870196e-03
 -4600.0  0   2.4313866227015108e-03 -1.3132586677448552e-03 -5.8731955788361126e-04  5.1173551486796871e-03  7.7171520465002920e-03  3.7558833220501762e-03
 -4600.0  1   2.2337324469241583e-06  4.0176627374485969e-03  1.9502983846233241e-03 -7.9699387883252638e-03  1.2411754451641550e-04 -9.6025617424264699e-05
 -4600.0  2  -3.6723208929275533e-03 -5.5161905672517211e-03 -2.6651836060502228e-03  5.3982071596952331e-03 -2.9481797856287105e-03 -1.3391777361825357e-03
 -4600.0  3  -1.0767020229164009e-02 -5.9406772932232019e-03 -2.9674873505978559e-03  2.4965750675471033e-03 -3.6269981718672580e-03 -1.6838019089618322e-03
 -4500.0  0  -2.6051456877583699e-03  9.6287842892568145e-04  4.1807167055609226e-04 -3.7688000341987559e-03 -8.3889510464909643e-03 -4.0552506296891366e-03
 -4500.0  1  -3.7680924852263745e-03  2.2883791771757364e-03  1.0347457261424896e-03 -4.3452398162205893e-03 -5.8604451519626783e-03 -2.9299718294343146e-03
 -4500.0  2  -4.5153081229977335e-03 -4.9827118173322339e-03 -2.4214943567429856e-03  4.8748411797072937e-03 -3.6137610019732580e-03 -1.6619055713678686e-03
 -4500.0  3  -1.1088718966720292e-02 -5.4469238198838164e-03 -2.7378034091827780e-03  2.2914589882343573e-03 -3.7346330596573036e-03 -1.7375028556621038e-03
 -4400.0  0   2.7361703164461974e-03 -6.1705671340730962e-04 -2.5161609095712928e-04  2.3290591738624063e-03  8.7876739332698166e-03  4.2235985704050533e-03
 -4400.0  1  -4.0887654997376439e-03 -1.5518908098429663e-03 -8.3615844918925452e-04  3.2068944560946122e-03 -6.6159507331853187e-03 -3.1421512283978398e-03
 -4400.0  2  -5.2712293894503787e-03 -4.3405133224677424e-03 -2.1249557880860278e-03  4.2497844532240975e-03 -4.2036221351157421e-03 -1.9498331535687302e-03
 -4400.0  3  -1.1381953918048070e-02 -4.9395155742352082e-03 -2.5013949385608888e-03  2.0815477738274353e-03 -3.8311449818888873e-03 -1.7859723916958201e-03
 -4300.0  0  -2.8223532310142118e-03  2.1226743829485454e-04  5.7569034283322970e-05 -7.5591240349889800e-04 -8.9710208409991780e-03 -4.2880827563613619e-03
 -4300.0  1  -5.9043471647211431e-04 -3.9995193467410829e-03 -1.9499716344599778e-03  7.8514866244103285e-03 -1.0689103574894685e-03 -3.5381356621573800e-04
 -4300.0  2  -5.9148531313074374e-03 -3.6019174285094042e-03 -1.7813136088738381e-03  3.5393942971168059e-03 -4.7102523883685993e-03 -2.1992421937608790e-03
 -4300.0  3  -1.1647011727985775e-02 -4.4194985840756099e-03 -2.2587808476084411e-03  1.8660641330236697e-03 -3.9194637928597464e-03 -1.8306297770537248e-03
 -4200.0  0   2.8085071396207625e-03  2.0651480820679197e-04  1.4185324189788827e-04 -8.3709411701515584e-04  9.0103357773555683e-03  4.2835854089506350e-03
 -4200.0  1   3.3603415827653830e-03 -2.7398757138181124e-03 -1.2550603531082880e-03  5.2245194803787745e-03  5.2745487060944047e-03  2.6647809147768552e-03
 -4200.0  2  -6.4272012834664331e-03 -2.7922480702518892e-03 -1.4022911935121271e-03  2.7581445836126878e-03 -5.1186353034240115e-03 -2.4026948566605766e-03
 -4200.0  3  -1.1882225506475998e-02 -3.8883838897901747e-03 -2.0106520073651891e-03  1.6460411304251251e-03 -3.9961840516795893e-03 -1.8698678972276863e-03
 -4100.0  0  -2.7309625906934329e-03 -5.7110053483436435e-04 -3.1462561710037977e-04  2.3350796089564767e-03 -8.8406836882717488e-03 -4.1810883137563268e-03
 -4100.0  1   4.2620116497888013e-03  1.0925279783058624e-03  6.2097634293745878e-04 -2.2620281769620168e-03  6.9375353000929989e-03  3.3069638952063227e-03
 -4100.0  2  -6.8063384995884204e-03 -1.9319439336881474e-03 -9.9754144977058971e-04  1.9203019069710841e-03 -5.4206767887970114e-03 -2.5563388898939719e-03
 -4100.0  3  -1.2088346543259760e-02 -3.3473086910842109e-03 -1.7575363960321620e-03  1.4220173339162582e-03 -4.0646323740068293e-03 -1.9052743546325338e-03
 -4000.0  0   2.6179825406773653e-03  9.3448080670564446e-04  4.8656079989407657e-04 -3.7691029622253175e-03  8.3854132277182518e-03  3.9428743769073732e-03
 -4000.0  1   1.1847232812824272e-03  3.9101000874354214e-03  1.9159434131436350e-03 -7.5954588141117557e-03  1.9832286781638351e-03  7.9139279319765754e-04
 -4000.0  2  -7.0499946168596488e-03 -1.0342819505504450e-03 -5.7348200673383099e-04  1.0423314323208910e-03 -5.6056407610863704e-03 -2.6547795416673667e-03
 -4000.0  3  -1.2263730543806254e-02 -2.7977761938668098e-03 -1.5000852477654305e-03  1.1942158895758867e-03 -4.1213717761321616e-03 -1.9352323961741393e-03
 -3900.0  0  -2.4149352023676435e-03 -1.3170274071319537e-03 -6.6632567919343928e-04  5.1876855578943323e-03 -7.7191762466644089e-03 -3.6035473748623199e-03
 -3900.0  1  -2.9060463209746542e-03  3.1130312146635834e-03  1.4384071118383383e-03 -5.9925647237651595e-03 -4.6099173426225049e-03 -2.3604708601615500e-03
 -3900.0  2  -7.1529771378941870e-03 -1.0954463868529868e-04 -1.3473659373304840e-04  1.4285377739219684e-04 -5.6745881558570733e-03 -2.6982786435897936e-03
 -3900.0  3  -1.2408945762577355e-02 -2.2415585457374902e-03 -1.2390986517554342e-03  9.6445125215933645e-04 -4.1693406987612456e-03 -1.9611165107041089e-03
 -3800.0  0   2.1369571976556810e-03  1.6388959719205124e-03  8.1610550093191088e-04 -6.4971191121990382e-03  6.9371275742167544e-03  3.2099903841870466e-03
 -3800.0  1  -4.3914037527207888e-03 -6.0793077968585582e-04 -3.9294276528550377e-04  1.2527531672514342e-03 -7.1265007857492964e-03 -3.4097775288200573e-03
 -3800.0  2  -7.1034207192778405e-03  8.2540425651814967e-04  3.1071120280966704e-04 -7.6147136543044524e-04 -5.6268597668510988e-03 -2.6864350530316113e-03
 -3800.0  3  -1.2522601151481620e-02 -1.6796345733005921e-03 -9.7497016633319312e-04  7.3161379591898750e-04 -4.2052782128541542e-03 -1.9813993556728401e-03
 -3700.0  0  -1.8517895040257458e-03 -1.8953314113037212e-03 -9.3447932001840001e-04  7.5707935238317255e-03 -6.0064675171877724e-03 -2.7480831445929246e-03
 -3700.0  1  -1.8024432932389621e-03 -3.7231490777605084e-03 -1.8360893156369156e-03  7.2061146575533403e-03 -2.9038966690092768e-03 -1.2343945723596423e-03
 -3700.0  2  -6.9004108852094440e-03  1.7405757908341803e-03  7.4861299818311663e-04 -1.6498218821236273e-03 -5.4676696357638952e-03 -2.6212984258176912e-03
 -3700.0  3  -1.2605290072780842e-02 -1.1137970745708160e-03 -7.0851142380930698e-04  4.9824455452252665e-04 -4.2318020851021786e-03 -1.9972795132583692e-03
 -3600.0  0   1.5153275387228755e-03  2.1441558711814122e-03  1.0483079752840914e-03 -8.4449997186539800e-03  4.8592391413581435e-03  2.1854233175550661e-03
 -3600.0  1   2.4199575787182490e-03 -3.4052006162334494e-03 -1.5834737640589426e-03  6.6590339787805358e-03  3.8811789858411929e-03  2.0238814571872394e-03
 -3600.0  2  -6.5558874854563347e-03  2.6121743381351962e-03  1.1676460860091005e-03 -2.5036385854475527e-03 -5.1945644875101135e-03 -2.5015710461648681e-03
 -3600.0  3  -1.2656085014633663e-02 -5.4510781063924906e-04 -4.4017568188410870e-04  2.6226908472543232e-04 -4.2465372684157079e-03 -2.0076515972620233e-03
 -3500.0  0  -1.0950627589683280e-03 -2.3448167184465271e-03 -1.1376416289347010e-03  9.1930586377349018e-03 -3.5746614541815281e-03 -1.5583432309260812e-03
 -3500.0  1   4.4632294221932899e-03  1.1718341283272872e-04  1.6103215291042483e-04 -2.4334648234031333e-04  7.1798541070456374e-03  3.4481612473528469e-03
 -3500.0  2  -6.0844917820752588e-03  3.4251964621248789e-03  1.5603068739688435e-03 -3.2994375791580788e-03 -4.8142537711253468e-03 -2.3301334629718925e-03
 -3500.0  3  -1.2675670583167159e-02  2.4572899778448222e-05 -1.7083081890017666e-04  2.7184139743757096e-05 -4.2516476603757401e-03 -2.0134768508517434e-03
 -3400.0  0   6.7894426364293822e-04  2.4560514068594067e-03  1.1840358137362120e-03 -9.7423696449988866e-03  2.2735217993549652e-03  9.2640627211183215e-04
 -3400.0  1   2.3720269628111205e-03  3.4524866522061015e-03  1.7154294003264800e-03 -6.7070052621068061e-03  3.7628361852912961e-03  1.6494792303039330e-03
 -3400.0  2  -5.4914795986739425e-03  4.1733486396976476e-03  1.9236679567987190e-03 -4.0265680248912318e-03 -4.3326135137653488e-03 -2.1095178958291860e-03
 -3400.0  3  -1.2663567873646617e-02  5.9427640317962903e-04  9.9079905987730358e-05 -2.0948513195593360e-04 -4.2456592635726599e-03 -2.0140779485337402e-03
 -3300.0  0  -2.8380857171507505e-04 -2.5245262215324565e-03 -1.2101806495814723e-03  9.9835291470899510e-03 -9.4399241433069903e-04 -2.8589824322440164e-04
 -3300.0  1  -1.9190696664501199e-03  3.6381934717889634e-03  1.7006237820006167e-03 -7.1974732298126067e-03 -3.0747489982499514e-03 -1.6477173364502773e-03
 -3300.0  2  -4.7777587663113824e-03  4.8428797763394463e-03  2.2511282677575976e-03 -4.6715473778183607e-03 -3.7607492835198867e-03 -1.8449925366323314e-03
 -3300.0  3  -1.2620123949689737e-02  1.1617667248129827e-03  3.6848728552114901e-04 -4.4353928276592657e-04 -4.2296127439336827e-03 -2.0098732100639559e-03
 -3200.0  0  -1.6598668701649935e-04  2.5509411488582631e-03  1.2150374724945001e-03 -9.9545494115760164e-03 -4.7613853050115746e-04 -3.9312345385188565e-04
 -3200.0  1  -4.4736900231795336e-03  4.2032048402232310e-04  9.4220543328296595e-05 -8.1184635197742059e-04 -7.0975287824777238e-03 -3.4231090553103515e-03
 -3200.0  2  -3.9563662375240449e-03  5.4114809818656814e-03  2.5317714702843943e-03 -5.2265706560245392e-03 -3.1121922086564508e-03 -1.5427540104512034e-03
 -3200.0  3  -1.2545203712529587e-02  1.7264635429943222e-03  6.3710179836538904e-04 -6.7802836020971829e-04 -4.2028169197474230e-03 -2.0005671459966453e-03
 -3100.0  0   6.2944441305885226e-04 -2.4866081774627055e-03 -1.1762131225466969e-03  9.7596966972949371e-03  1.9148259791760638e-03  1.0774379662933558e-03
 -3100.0  1  -2.8823492295770889e-03 -3.1030780693824217e-03 -1.5559970056886311e-03  6.1065529229978174e-03 -4.5630982543798564e-03 -2.0381546847315028e-03
 -3100.0  2  -3.0569244233423047e-03  5.8606401781535686e-03  2.7565913432172876e-03 -5.6727034287543396e-03 -2.4012077445872398e-03 -1.2093952413572450e-03
 -3100.0  3  -1.2438964677370205e-02  2.2862298687184915e-03  9.0388387790281877e-04 -9.0886928560710315e-04 -4.1653525873951956e-03 -1.9861303304992170e-03
 -3000.0  0  -1.0234359363353617e-03  2.3664730600176892e-03  1.1117909979476706e-03 -9.3625722703511941e-03 -3.2435720239667870e-03 -1.7053033205582332e-03
 -3000.0  1   1.4190152315934339e-03 -3.8113260747040471e-03 -1.7891753424404686e-03  7.5911700807508049e-03  2.2351232212187034e-03  1.2531655300232021e-03
 -3000.0  2  -2.1071931249856796e-03  6.1873593344852658e-03  2.9236421121311366e-03 -5.9999683615687954e-03 -1.6452109430407104e-03 -8.5317940698738826e-04
 -3000.0  3  -1.2301936408453550e-02  2.8405226431950270e-03  1.1685386080949234e-03 -1.1393018397907329e-03 -4.1178198810272069e-03 -1.9668884933659019e-03
 -2900.0  0   1.3994542294862831e-03 -2.2185611361104189e-03 -1.0344086072895540e-03  8.6698482292528693e-03  4.4608454540087921e-03  2.2738637235316093e-03
 -2900.0  1   4.3934442075953609e-03 -9.7326285916931254e-04 -3.5833577938243640e-04  1.8566100167795663e-03  6.8984644624728378e-03  3.3421890982623420e-03
 -2900.0  2  -1.1185925214677980e-03  6.3925267885641930e-03  3.0332337222909261e-03 -6.1988031203917878e-03 -8.5628690767420006e-04 -4.7959240177976195e-04
 -2900.0  3  -1.2134141793975753e-02  3.3874711409790110e-03  1.4301477271717524e-03 -1.3653499768508295e-03 -4.0595324809241332e-03 -1.9424579697563107e-03
 -2800.0  0  -1.7879436680338428e-03  1.9928423082898861e-03  9.1982293491204203e-04 -7.7333976072264379e-03 -5.6307750889685584e-03 -2.8151076196132772e-03
 -2800.0  1   3.3129692549562668e-03  2.7020369098594084e-03  1.3704248989562845e-03 -5.4027361149990337e-03  5.2889518132814397e-03  2.3930965595694710e-03
 -2800.0  2  -9.6109699544003586e-05  6.4715250595259559e-03  3.0831707083988319e-03 -6.2715928422025892e-03 -4.6577156877773635e-05 -9.4600857158499000e-05
 -2800.0  3  -1.1936624355185197e-02  3.9262752727140197e-03  1.6882867301653208e-03 -1.5896285153803131e-03 -3.9922028949702162e-03 -1.9136897891595625e-03
 -2700.0  0   2.1078336234375194e-03 -1.6993452065426817e-03 -7.7420121922180279e-04  6.6761784237488273e-03  6.7064262672146728e-03  3.3085224921941595e-03
 -2700.0  1  -8.9910337480530978e-04  3.9450806340806570e-03  1.8592655320412320e-03 -7.8374856546542804e-03 -1.3416237473219950e-03 -8.3049212135055520e-04
 -2700.0  2   9.3996551466976337e-04  6.4126530282925323e-03  3.0674392390899873e-03 -6.2162197871836154e-03  7.6886862882469893e-04  2.9469604199369075e-04
 -2700.0  3  -1.1709207669063842e-02  4.4548478872348364e-03  1.9419428274387606e-03 -1.8084102832255410e-03 -3.9140494004744801e-03 -1.8796920191333454e-03
 -2600.0  0  -2.3478287802567773e-03  1.4067458767442946e-03  6.3065204783782538e-04 -5.5001809576307641e-03 -7.5584471668281288e-03 -3.6929957015385930e-03
 -2600.0  1  -4.2178570019181629e-03  1.5240097401488925e-03  6.2303617930191749e-04 -2.8673431893659839e-03 -6.5827890510670797e-03 -3.2048997823469543e-03
 -2600.0  2   1.9518381170636951e-03  6.2156802313528946e-03  2.9856505363793219e-03 -6.0375538640827942e-03  1.5672730049130423e-03  6.7744242725484218e-04
 -2600.0  3  -1.1453061659415903e-02  4.9726776452891780e-03  2.1908361938958744e-03 -2.0238186080257098e-03 -3.8273847171086724e-03 -1.8415986318683912e-03
 -2500.0  0   2.5685976198698778e-03 -1.0781941686873399e-03 -4.7047520334780060e-04  4.1259772133471900e-03  8.1895609040177897e-03  3.9688937639931667e-03
 -2500.0  1  -3.6562388333025971e-03 -2.2791422826601839e-03 -1.1729318834346339e-03  4.6272708129269074e-03 -5.9060074128296390e-03 -2.6971186695283755e-03
 -2500.0  2   2.9100523082109747e-03  5.8937304025905917e-03  2.8436299651594713e-03 -5.7353584263589493e-03  2.3297141953353712e-03  1.0444577927539551e-03
 -2500.0  3  -1.1167850545052531e-02  5.4779298683852685e-03  2.4340892628387689e-03 -2.2332075738947894e-03 -3.7296516298377788e-03 -1.7981706134350788e-03
 -2400.0  0  -2.7316019470931992e-03  6.7970686282245061e-04  2.7826264200311483e-04 -2.6106979417517282e-03 -8.6803199076328705e-03 -4.1756956474172813e-03
 -2400.0  1   3.4027861317782114e-04 -4.0307302046617144e-03 -1.9070323210983206e-03  7.9409155536369364e-03  4.0967408338371449e-04  3.8723288021513108e-04
 -2400.0  2   3.8042075145906626e-03  5.4594441583903719e-03  2.6472130599080423e-03 -5.3152871521823060e-03  3.0392622449368955e-03  1.3877550259894583e-03
 -2400.0  3  -1.0855336405984753e-02  5.9697874212149742e-03  2.6712847572747909e-03 -2.4379770995508463e-03 -3.6240199183195706e-03 -1.7509401703171606e-03
 -2300.0  0   2.7951251883759653e-03 -2.8629274112414681e-04 -9.0286235904075662e-05  1.0922391532321829e-03  9.0064714739079045e-03  4.3048724289639134e-03
 -2300.0  1   3.9347043018978364e-03 -2.0526969816001567e-03 -8.7917707713428494e-04  3.8556243282421615e-03  6.1610700182202676e-03  3.0169269838640294e-03
 -2300.0  2   4.6319262719012964e-03  4.9132084684670434e-03  2.3967185992656717e-03 -4.7811453857579981e-03  3.6905433515853278e-03  1.7046435340384897e-03
 -2300.0  3  -1.0515228769761839e-02  6.4469066176177404e-03  2.9017942118691712e-03 -2.6365085701033149e-03 -3.5077177396113019e-03 -1.6985827113300532e-03
 -2200.0  0  -2.8099109045074972e-03 -7.5488895649095721e-05 -8.1715848903136546e-05  4.0196731841886060e-04 -9.0598073872987760e-03 -4.3050819968147285e-03
 -2200.0  1   3.9288056675544593e-03  1.8459358931487981e-03  9.6943922638566520e-04 -3.7771611300428738e-03  6.4111389592875394e-03  2.9487256619749320e-03
 -2200.0  2   5.3730987389996538e-03  4.2571529631493391e-03  2.0927372907433728e-03 -4.1452458422857816e-03  4.2680968366355029e-03  1.9875640182014831e-03
 -2200.0  3  -1.0149552909567212e-02  6.9082121496849358e-03  3.1250915833417690e-03 -2.8288961830003818e-03 -3.3844402360628297e-03 -1.6428595530498706e-03
 -2100.0  0   2.7756088816319720e-03  4.7684015876515279e-04  2.7167699796616489e-04 -1.9501048627480393e-03  8.8476575626343004e-03  4.1791666275720748e-03
 -2100.0  1   2.4098342656737857e-04  4.0570149702103602e-03  1.9267917333990847e-03 -7.8981978141958523e-03  5.2182776081982705e-04  5.8353046022719627e-05
 -2100.0  2   5.9994246802184924e-03  3.5074062426953749e-03  1.7427248987577795e-03 -3.4263174967030718e-03  4.7617872843770401e-03  2.2316060830565539e-03
 -2100.0  3  -9.7581588654807976e-03  7.3523059641405746e-03  3.3405367448201642e-03 -3.0143523069995691e-03 -3.2511268524553281e-03 -1.5823190664569918e-03
 -2000.0  0  -2.6415161613152537e-03 -8.8501354717245657e-04 -4.6339869369169806e-04  3.4981598807411083e-03 -8.4767214306006432e-03 -3.9783833332977013e-03
 -2000.0  1  -3.5728608115804176e-03  2.5181907937754256e-03  1.1064973996507644e-03 -4.7641680434167546e-03 -5.6480863561309026e-03 -2.7842765712188028e-03
 -2000.0  2   6.4910968482963178e-03  2.6928267847189046e-03  1.3602374101450213e-03 -2.6414905985840259e-03  5.1550721193522539e-03  2.4285178107353650e-03
 -2000.0  3  -9.3428670399140160e-03  7.7781162156772598e-03  3.5476218660426546e-03 -3.1918895743828983e-03 -3.1112486507016862e-03 -1.5185966650912348e-03
 -1900.0  0   2.4484608423003726e-03  1.2261799167807093e-03  6.2235795498004700e-04 -4.9095152699654612e-03  7.9508325432130628e-03  3.7067871267576795e-03
 -1900.0  1  -4.1517036956898777e-03 -1.3944560779430692e-03 -7.5652925445514438e-04  2.8439312561374008e-03 -6.7955007894168412e-03 -3.1440051576114673e-03
 -1900.0  2   6.8493366760177359e-03  1.8332230819866529e-03  9.5457144742869672e-04 -1.8051421713905342e-03  5.4415884262432766e-03  2.5751946933018108e-03
 -1900.0  3  -8.9036601012086533e-03  8.1846782666192622e-03  3.7459203400605702e-03 -3.3621519634511477e-03 -2.9617939981307147e-03 -1.4502793410531211e-03
 -1800.0  0  -2.2320467437080497e-03 -1.5384718239537843e-03 -7.6748065134185737e-04  6.1453325027102986e-03 -7.1823777034415266e-03 -3.3230468553005770e-03
 -1800.0  1  -8.6891418325059572e-04 -4.0014033367155076e-03 -1.9086958478859036e-03  7.7226679406127118e-03 -1.4829074145681486e-03 -5.2015279793723144e-04
 -1800.0  2   7.0744654517439810e-03  9.3346202082679865e-04  5.2821987259543484e-04 -9.2594443457623963e-04  5.6131154051723671e-03  2.6676286411946417e-03
 -1800.0  3  -8.4425126832168764e-03  8.5707584385160164e-03  3.9348514114942246e-03 -3.5233166892752986e-03 -2.8061036684438496e-03 -1.3789223016652215e-03
 -1700.0  0   1.9325498584801153e-03  1.8559593347569016e-03  9.1395031445382145e-04 -7.2864594747551253e-03  6.1893169579996321e-03  2.8337799320024074e-03
 -1700.0  1   3.1552492404907360e-03 -2.9107384156728186e-03 -1.2998737780823871e-03  5.5859659430281964e-03  5.0500530899207233e-03  2.5097780944189998e-03
 -1700.0  2   7.1579330430724840e-03  4.4393404545864394e-06  8.6134402153542779e-05 -2.3224321072916301e-05  5.6694028473378635e-03  2.7053437490640888e-03
 -1700.0  3  -7.9597437813760576e-03  8.9358591131261326e-03  4.1142057483375613e-03 -3.6771478485915225e-03 -2.6418873807954146e-03 -1.3034635187306404e-03
 -1600.0  0  -1.5621375349862336e-03 -2.1082737992483519e-03 -1.0285423084103245e-03  8.3129516105020160e-03 -5.0937803992216696e-03 -2.2975895614094854e-03
 -1600.0  1   4.3218025538396317e-03  9.3687611798290568e-04  5.3970027836457157e-04 -1.8816415935762642e-03  7.0424990119874230e-03  3.2742943999891265e-03
 -1600.0  2   7.0877058421909235e-03 -9.3058686255998184e-04 -3.6076007426502995e-04  8.8194964697020900e-04  5.6090321050597421e-03  2.6875672619761895e-03
 -1600.0  3  -7.4574266068864825e-03  9.2784326747253291e-03  4.2832482400198633e-03 -3.8206859772138627e-03 -2.4721627869316726e-03 -1.2252816996710979e-03
 -1500.0  0   1.2016073090903787e-03  2.2838205661511440e-03  1.1069218644977643e-03 -9.0890670313128717e-03  3.9316823743387281e-03  1.7328058941303557e-03
 -1500.0  1   1.4921437313659609e-03  3.8551007931550705e-03  1.8475960658017217e-03 -7.4194420344698081e-03  2.4152630193928293e-03  9.7022739414485330e-04
 -1500.0  2   6.8653076394233660e-03 -1.8383993346474672e-03 -7.9648660704177373e-04  1.7651587639260049e-03  5.4376472418913354e-03  2.6165720013411856e-03
 -1500.0  3  -6.9363363746061720e-03  9.5980882295423810e-03  4.4418036107809313e-03 -3.9562572768955260e-03 -2.2953193804763693e-03 -1.1436383844637596e-03
 -1400.0  0  -8.1576126385501046e-04 -2.4347056417344496e-03 -1.1732288166436378e-03  9.5833142841703061e-03 -2.6322662262132281e-03 -1.1064991880139386e-03
 -1400.0  1  -2.6970949492444666e-03  3.2388238463154271e-03  1.4631044276900908e-03 -6.3174036208635534e-03 -4.3560846501358112e-03 -2.1880199279722002e-03
 -1400.0  2   6.5044785531500554e-03 -2.6994509660266653e-03 -1.2117558904957170e-03  2.6116149636263688e-03  5.1538508960465180e-03  2.4914968721357266e-03
 -1400.0  3  -6.3978491784042633e-03  9.8933407665890583e-03  4.5891610802937426e-03 -4.0801954399225784e-03 -2.1132751329257437e-03 -1.0593759646666812e-03
 -1300.0  0   3.5650437933904211e-04  2.5317586672467152e-03  1.2128586725441708e-03 -9.8929307659243668e-03  1.2103536596055936e-03  4.2369692896571006e-04
 -1300.0  1  -4.4455127052666701e-03 -4.3073684952587660e-04 -2.9909512855282576e-04  8.4646291103350512e-04 -7.1649108560429900e-03 -3.3471227863849629e-03
 -1300.0  2   6.0154507485783047e-03 -3.5061890196326851e-03 -1.6027151999939775e-03  3.4034344995852311e-03  4.7605674436089068e-03  2.3135995478711828e-03
 -1300.0  3  -5.8431760084126276e-03  1.0164061058177120e-02  4.7252426661769688e-03 -4.1956439529172137e-03 -1.9251979343332709e-03 -9.7213278714368997e-04
 -1200.0  0   9.0672900686006221e-05 -2.5381387456698237e-03 -1.2092949926269798e-03  1.0030525133998745e-02  1.9966813068722728e-04  2.5158768357088463e-04
 -1200.0  1  -2.0771855076691602e-03 -3.6197338606783376e-03 -1.7435480402480587e-03  7.0066527440459702e-03 -3.3025660406382656e-03 -1.4003404085930881e-03
 -1200.0  2   5.4020148093878390e-03 -4.2486612802649952e-03 -1.9645930952850782e-03  4.1278414555783955e-03  4.2646794423783774e-03  2.0858195773418376e-03
 -1200.0  3  -5.2737058101319737e-03  1.0408796232427247e-02  4.8493288237766927e-03 -4.2988419488916782e-03 -1.7321331127491831e-03 -8.8233564744713382e-04
 -1100.0  0  -4.8977796660278983e-04  2.5007011540069050e-03  1.1855222773452458e-03 -9.8849879509771716e-03 -1.5439859638205415e-03 -8.9163996123676581e-04
 -1100.0  1   2.2380453609861569e-03 -3.4962409675752485e-03 -1.5926776413474129e-03  6.9034346378269284e-03  3.6145879946552673e-03  1.8404538075168584e-03
 -1100.0  2   4.6702552560710167e-03 -4.9069841260404000e-03 -2.2879250452288746e-03  4.7653829308985408e-03  3.6797563704640056e-03  1.8144960858654372e-03
 -1100.0  3  -4.6909070190133094e-03  1.0627895285572481e-02  4.9615391153055481e-03 -4.3933597964041738e-03 -1.5344853962126373e-03 -7.9021665320742397e-04
 -1000.0  0   9.1734686589117309e-04 -2.4197646444747388e-03 -1.1403072048472771e-03  9.4326708170380316e-03  2.8883182388048561e-03  1.5275710945439750e-03
 -1000.0  1   4.5002225419983662e-03 -1.0913512107744618e-04  4.1428251038459101e-05  2.1242402616719524e-04  7.1569234684292085e-03  3.3587309268931871e-03
 -1000.0  2   3.8367523528123997e-03 -5.4589747684984594e-03 -2.5617259496898428e-03  5.3085656564574035e-03  3.0222907977319629e-03  1.5073554345587663e-03
 -1000.0  3  -4.0960758651130778e-03  1.0819849477046522e-02  5.0611057409075642e-03 -4.4752743906831538e-03 -1.3325245527159356e-03 -6.9583861627965865e-04
  -900.0  0  -1.3488942200549903e-03  2.2495721875076973e-03  1.0522110515722187e-03 -8.7921896148168612e-03 -4.2220488141914312e-03 -2.1552792301597428e-03
  -900.0  1   2.6172438454579554e-03  3.3001302626867227e-03  1.5986315965207183e-03 -6.4692182689826509e-03  4.1593797499719903e-03  1.8176639082877438e-03
  -900.0  2   2.9285103175969089e-03 -5.8906742852628292e-03 -2.7791271135306811e-03  5.7413144103336368e-03  2.3029810957336393e-03  1.1692048053558134e-03
  -900.0  3  -3.4913045729088178e-03  1.0984928545576809e-02  5.1480841030096380e-03 -4.5477462126346279e-03 -1.1277312138398964e-03 -5.9994570563643541e-04
  -800.0  0   1.7005653624403950e-03 -2.0281526838341916e-03 -9.4074007107498837e-04  8.0097527256883742e-03  5.4268516057606360e-03  2.7193012015824204e-03
  -800.0  1  -1.7525812758572093e-03  3.7129796006199617e-03  1.7034264213158048e-03 -7.3651965445730733e-03 -2.7895600577419514e-03 -1.4509405431989333e-03
  -800.0  2   1.9660482645085142e-03 -6.2018619558458317e-03 -2.9397004860960037e-03  6.0548157592532426e-03  1.5352706922765922e-03  8.0649350730861496e-04
  -800.0  3  -2.8771847880888161e-03  1.1121807383313153e-02  5.2217951760361809e-03 -4.6070733951427438e-03 -9.1910073855935772e-04 -5.0201205498747457e-04
  -700.0  0  -2.0074488630925339e-03  1.7938286699510568e-03  8.2358227055319389e-04 -7.0007015182406932e-03 -6.4339145757307797e-03 -3.1846014010924058e-03
  -700.0  1  -4.4650910063061917e-03  6.6589593166202596e-04  2.2559918247391574e-04 -1.2594220258262876e-03 -7.0332236582080574e-03 -3.3150030930487930e-03
  -700.0  2   9.6354524314070397e-04 -6.3895070668523535e-03 -3.0417112059553603e-03  6.2378535466269059e-03  7.3386849602695425e-04  4.2597134138822604e-04
  -700.0  3  -2.2559869829330685e-03  1.1230861141331950e-02  5.2823452022209309e-03 -4.6561682687943163e-03 -7.0884044165033411e-04 -4.0313443678488623e-04
  -600.0  0   2.3102313415043238e-03 -1.4904731747606577e-03 -6.7350527567626439e-04  5.7529166675791424e-03  7.3150168317604172e-03  3.5852759886328489e-03
  -600.0  1  -3.0624410401286638e-03 -2.9408275704339605e-03 -1.4328032125783168e-03  5.8493611044499703e-03 -4.9117890006131837e-03 -2.1868451191278363e-03
  -600.0  2  -6.4928103962346828e-05 -6.4478682719595563e-03 -3.0823829330932141e-03  6.2911928128157888e-03 -8.1793890212437248e-05  3.6981799878011574e-05
  -600.0  3  -1.6283453081722967e-03  1.1311079541936398e-02  5.3292200072418711e-03 -4.6922516404770869e-03 -4.9509805188946898e-04 -3.0241087682624852e-04
  -500.0  0  -2.5388983618722695e-03  1.1250390461488226e-03  4.9489096062115922e-04 -4.3949482745747198e-03 -8.0863986065209097e-03 -3.9310113329775716e-03
  -500.0  1   1.2390043107248811e-03 -3.8880818369081312e-03 -1.7948261719917407e-03  7.6859458547466819e-03  1.9065869773965804e-03  1.0317371134389618e-03
  -500.0  2  -1.0994897144222214e-03 -6.3674501645063037e-03 -3.0567616406312155e-03  6.2158379695991034e-03 -8.9770645592041108e-04 -3.5369650339318366e-04
  -500.0  3  -9.9671265221399513e-04  1.1362978440128410e-02  5.3626180008159840e-03 -4.7177032521157685e-03 -2.8105052312134288e-04 -2.0139788626376875e-04
  -400.0  0   2.6789872730507633e-03 -7.7479816799273522e-04 -3.2511574521279572e-04  3.0053205433719656e-03  8.6407706933332405e-03  4.1716613054380430e-03
  -400.0  1   4.3251258842525418e-03 -1.2424088394717080e-03 -5.0343462183362916e-04  2.3244606441749161e-03  6.7885977439503652e-03  3.2137904261989704e-03
  -400.0  2  -2.1070671232961339e-03 -6.1493781568687077e-03 -2.9650369175213721e-03  6.0158794523851866e-03 -1.6950006862819084e-03 -7.3712493421447024e-04
  -400.0  3  -3.6189433738514085e-04  1.1385843424278211e-02  5.3821989260253314e-03 -4.7306014209258116e-03 -6.4495446142128271e-05 -9.9044577642490842e-05
  -300.0  0  -2.7861886714968739e-03  4.1481212110661890e-04  1.5133833313271235e-04 -1.5180611602934044e-03 -8.9182540271661431e-03 -4.2782178701187357e-03
  -300.0  1   3.4375457013978493e-03  2.5494831032542493e-03  1.2504536141773835e-03 -5.1266959905505805e-03  5.5793120333689173e-03  2.5175032609902458e-03
  -300.0  2  -3.0638786609954744e-03 -5.8057304879876410e-03 -2.8127510629684530e-03  5.6898400133869251e-03 -2.4576763308597409e-03 -1.1055283634810061e-03
  -300.0  3   2.7343120862739442e-04  1.1379957509035593e-02  5.3880868246448449e-03 -4.7320659785193278e-03  1.5077839235111328e-04  2.8230214811818277e-06
  -200.0  0   2.8300964667976949e-03  5.4513302233347117e-06  4.9928716926204391e-05 -8.1901324573868515e-05  9.0028709517256614e-03  4.2901792425761856e-03
  -200.0  1  -6.9411020100000034e-04  4.0150760016172743e-03  1.8636925695008084e-03 -7.8600375056277136e-03 -9.9910494687157118e-04 -5.9884065551749955e-04
  -200.0  2  -3.9535933681785623e-03 -5.3488036060627799e-03 -2.6054368108767538e-03  5.2446195930499814e-03 -3.1637029608258564e-03 -1.4483550224383052e-03
  -200.0  3   9.0885474526288890e-04  1.1344871392285944e-02  5.3801079913919974e-03 -4.7210783333792427e-03  3.6756044718567495e-04  1.0552746325593696e-04
  -100.0  0  -2.7743853042501436e-03 -4.1101235501821815e-04 -2.4223407417119176e-04  1.6551522515377310e-03 -8.9393051265194146e-03 -4.2320676975934638e-03
  -100.0  1  -4.0866321821217801e-03  1.7765372260520297e-03  7.6280647155904169e-04 -3.3275920357806132e-03 -6.4462296477191755e-03 -3.0645710776361999e-03
  -100.0  2  -4.7678278994849367e-03 -4.7837217401903061e-03 -2.3456032880517599e-03  4.6894033122136585e-03 -3.8034970938939402e-03 -1.7609620494026606e-03
  -100.0  3   1.5415892424464187e-03  1.1280754572223490e-02  5.3583566812125940e-03 -4.6977917750414631e-03  5.8204835577471952e-04  2.0726261992113742e-04
     0.0  0   2.6719797971872313e-03  7.6445388030410360e-04  4.0875826773136096e-04 -3.1164088572633759e-03  8.6456208702221597e-03  4.0661834078310347e-03
     0.0  1  -3.7515079343622784e-03 -2.1360003545658045e-03 -1.0566783736566212e-03  4.3102280016645532e-03 -6.1433853927138436e-03 -2.8005632831780225e-03
     0.0  2  -5.4903997357266636e-03 -4.1118446801829064e-03 -2.0336222341185177e-03  4.0357687155848157e-03 -4.3650917263492748e-03 -2.0373769819458909e-03
     0.0  3   2.1710082742215798e-03  1.1187796627127322e-02  5.3229694223727421e-03 -4.6626639427154127e-03  7.9713557043597691e-04  3.0939344140224682e-04
   100.0  0  -2.5246230883101180e-03 -1.1303378397428199e-03 -5.8017845370634863e-04  4.5177160211904085e-03 -8.0718270890317925e-03 -3.7684096907616743e-03
   100.0  1   8.8618270893843338e-05 -4.0813901337863161e-03 -1.9044821232845378e-03  7.9021982136130795e-03  3.3753904843264647e-05  1.3701328817896700e-04
   100.0  2  -6.0966172540616688e-03 -3.3473528925633102e-03 -1.6759220207143452e-03  3.3001629105226357e-03 -4.8421256990059868e-03 -2.2745137474120864e-03
   100.0  3   2.7946682620815159e-03  1.1066108782536036e-02  5.2740126273262090e-03 -4.6150018346799984e-03  1.0090041438818188e-03  4.1013439726782745e-04
   200.0  0   2.2783554577420788e-03  1.4974663326849601e-03  7.5048489709989539e-04 -5.8880658796652404e-03  7.3161926052748606e-03  3.3854067813779538e-03
   200.0  1   3.7643677659204462e-03 -2.2571458588750925e-03 -9.9819385706438786e-04  4.2786329463064699e-03  6.0031805984166881e-03  2.8665920697919663e-03
   200.0  2  -6.5685640058231526e-03 -2.5176736279548810e-03 -1.2855075198774828e-03  2.4970857776343411e-03 -5.2173060109541895e-03 -2.4638679702751109e-03
   200.0  3   3.4114247759135501e-03  1.0916379720743262e-02  5.2118308358515301e-03 -4.5564660332573651e-03  1.2199773936059592e-03  5.1057628947775351e-04
   300.0  0  -1.9810616932146299e-03 -1.7870540345135311e-03 -8.8293119036982786e-04  7.1048926175365321e-03 -6.4566344184176982e-03 -2.9561435483817940e-03
   300.0  1   4.0103280885655773e-03  1.7183749703819583e-03  8.6005505132145021e-04 -3.4342351602670981e-03  6.5704346974624081e-03  3.0195689009765709e-03
   300.0  2  -6.9040039275569806e-03 -1.6469348352938608e-03 -8.7370258962707402e-04  1.6478789504404830e-03 -5.4821083930612713e-03 -2.6010890022067994e-03
   300.0  3   4.0187833125335483e-03  1.0738501157205869e-02  5.1363537746897964e-03 -4.4851115992320537e-03  1.4264937048667201e-03  6.0908251871958903e-04
   400.0  0   1.6785416794475514e-03  2.0278729962134416e-03  9.9215685226464786e-04 -8.0722486039765638e-03  5.4327278069826700e-03  2.4538957495068435e-03
   400.0  1   5.3985119367093947e-04  4.0661644484539083e-03  1.9068314550057005e-03 -7.8096492630046217e-03  9.2512233951668680e-04  3.2386823271796826e-04
   400.0  2  -7.1033586831018153e-03 -7.4503610289228684e-04 -4.4530171073126328e-04  7.6539312127372290e-04 -5.6293581227004844e-03 -2.6827006655891928e-03
   400.0  3   4.6159361455798253e-03  1.0533375189191585e-02  5.0479938013553976e-03 -4.4033881470931062e-03  1.6305516919587028e-03  7.0658227418771093e-04
   500.0  0  -1.3085906620380157e-03 -2.2574924376560427e-03 -1.0950975369659393e-03  8.8521662346104021e-03 -4.2068180479795511e-03 -1.8590375378497099e-03
   500.0  1  -3.3778484527362714e-03  2.6796196106336286e-03  1.2070021480796661e-03 -5.1613640816084100e-03 -5.4531904666854361e-03 -2.6168973857181800e-03
   500.0  2  -7.1607386462509892e-03  1.8239295795147642e-04 -2.9009903670072372e-06 -1.3510561894411406e-04 -5.6612236069850958e-03 -2.7094106744779789e-03
   500.0  3   5.2007671134212353e-03  1.0300745410581619e-02  4.9465785073409914e-03 -4.3085589446823034e-03  1.8295698399923887e-03  8.0191231733928484e-04
   600.0  0   8.7087236185123026e-04  2.4194574378309393e-03  1.1649278230955813e-03 -9.4987561349945179e-03  2.8789052310046240e-03  1.2185638978451853e-03
   600.0  1  -4.2326687145854856e-03 -1.2539675007648783e-03 -6.4076014333159462e-04  2.4603176201505213e-03 -6.8900123495967518e-03 -3.1887627753832493e-03
   600.0  2  -7.0639412780407213e-03  1.1156153511993039e-03  4.4436866117647452e-04 -1.0379779008771245e-03 -5.5779365329642564e-03 -2.6812042718341597e-03
   600.0  3   5.7721405074209189e-03  1.0042107505882171e-02  4.8327645940424071e-03 -4.2041200172265808e-03  2.0248945466338811e-03  8.9567098192315140e-04
   700.0  0  -4.6094407745655779e-04 -2.4982468152957185e-03 -1.1959447742127427e-03  9.9154341183713222e-03 -1.5577772691192501e-03 -5.8505906602418294e-04
   700.0  1  -1.1727599049334875e-03 -3.9549100326697218e-03 -1.8637558968904830e-03  7.5978352339760606e-03 -1.8757938442985731e-03 -7.8279816322534754e-04
   700.0  2  -6.8154084460970129e-03  2.0198483801579245e-03  8.7972333722031862e-04 -1.9170622550626322e-03 -5.3827901549480441e-03 -2.5993100319723302e-03
   700.0  3   6.3285253112893717e-03  9.7572081327892187e-03  4.7063682489237356e-03 -4.0870492887758467e-03  2.2148109836511902e-03  9.8709889192057868e-04
   800.0  0   5.5094143326240915e-05  2.5443859893944567e-03  1.2116565935978267e-03 -1.0013025463464399e-02  2.0020692445657669e-04 -6.0841318149764091e-05
   800.0  1   2.9724428127795317e-03 -3.0189978298525888e-03 -1.3768449140027432e-03  5.9184855638649420e-03  4.8360689371393442e-03  2.3332270772025098e-03
   800.0  2  -6.4310510422407197e-03  2.8711084505924226e-03  1.2916104880321107e-03 -2.7521761410793078e-03 -5.0778392547044058e-03 -2.4643309670266530e-03
   800.0  3   6.8683957210578950e-03  9.4479099920646691e-03  4.5682046166257958e-03 -3.9614246903905059e-03  2.3994689474876813e-03  1.0762079702271667e-03
   900.0  0   4.0714866119093964e-04 -2.5319156269788526e-03 -1.1988967853797446e-03  9.8677557179628079e-03  1.2338811369243705e-03  7.3973226176128495e-04
   900.0  1   4.4017585628974010e-03  7.5928697186353276e-04  4.0608402777145291e-04 -1.4468043718474269e-03  7.0753451282430874e-03  3.2948196516367641e-03
   900.0  2  -5.9237446310017889e-03  3.6605635462560663e-03  1.6756501258036480e-03 -3.5244061526104905e-03 -4.6679806111366373e-03 -2.2784632137146025e-03
   900.0  3   7.3904170268039660e-03  9.1138768144769563e-03  4.4180559777968085e-03 -3.8237581366787816e-03  2.5779801176307130e-03  1.1626249973526535e-03
  1000.0  0  -8.5272160665075521e-04  2.4295065364526021e-03  1.1436908252221089e-03 -9.5612347111191324e-03 -2.6461918747594285e-03 -1.4066759263816914e-03
  1000.0  1   1.7858215316153504e-03  3.7523759592239334e-03  1.7770646765841035e-03 -7.2544000819137356e-03  2.8104147926239376e-03  1.2360598690587983e-03
  1000.0  2  -5.2942968370602106e-03  4.3854627870328726e-03  2.0304176159630237e-03 -4.2280202609786873e-03 -4.1590018933244542e-03 -2.0442802554652933e-03
  1000.0  3   7.8930941803277751e-03  8.7568739153556941e-03  4.2567041198365045e-03 -3.6779595410916183e-03  2.7495896294387426e-03  1.2459266739693951e-03
  1100.0  0   1.2270002380034650e-03 -2.2876012226525897e-03 -1.0708727830796522e-03  9.0358722488668927e-03  3.9231126977376249e-03  2.0063836381807240e-03
  1100.0  1  -2.5315585931338092e-03  3.3186578379589605e-03  1.5282226841356614e-03 -6.5748817988276051e-03 -4.1140091437285925e-03 -1.9980240497384232e-03
  1100.0  2  -4.5450598690856799e-03  5.0269780972419364e-03  2.3470087590899058e-03 -4.8469670376815634e-03 -3.5616143913653853e-03 -1.7666816550085513e-03
  1100.0  3   8.3754682764956585e-03  8.3767319413362816e-03  4.0840347951578600e-03 -3.5206160805488643e-03  2.9147204457820449e-03  1.3263515842710577e-03
  1200.0  0  -1.6003910313912616e-03  2.1103049512303500e-03  9.8120045871250895e-04 -8.2131787949491653e-03 -5.0923406360016766e-03 -2.5514308372309473e-03
  1200.0  1  -4.5006019565172403e-03 -2.1781032265557221e-04 -1.4810733541757327e-04  3.9532997442719901e-04 -7.1427289681637342e-03 -3.3453326310342066e-03
  1200.0  2  -3.6971061825548670e-03  5.5600721747709539e-03  2.6130542155082884e-03 -5.3704844655260752e-03 -2.8941426638904315e-03 -1.4543552774135631e-03
  1200.0  3   8.8359437948221532e-03  7.9754380384456265e-03  3.9009557450328820e-03 -3.3555991294770054e-03  3.0718162180151756e-03  1.4030939808133522e-03
  1300.0  0   1.9677854175051061e-03 -1.8463601103919894e-03 -8.5017989107109295e-04  7.1830404009778324e-03  6.2088534790068284e-03  3.0687526191783606e-03
  1300.0  1  -2.3240227708346099e-03 -3.4753505644519486e-03 -1.6538631027054420e-03  6.8155829404015289e-03 -3.6753080947061600e-03 -1.6578754171094831e-03
  1300.0  2  -2.7822143540707769e-03  5.9699598797251377e-03  2.8210667202953439e-03 -5.7806534551930744e-03 -2.1709387931968431e-03 -1.1138047266374045e-03
  1300.0  3   9.2741019026550183e-03  7.5530142012752259e-03  3.7074741907022128e-03 -3.1802336179583817e-03  3.2222886014038475e-03  1.4768480158416030e-03
  1400.0  0  -2.2482968627416640e-03  1.5375691494371410e-03  6.9898152910368176e-04 -6.0538455456753465e-03 -7.1922350374041908e-03 -3.5218784137925597e-03
  1400.0  1   2.0734233650804130e-03 -3.5682545555601728e-03 -1.6561753322247989e-03  7.0973294088996913e-03  3.3256136748077056e-03  1.6289817645254818e-03
  1400.0  2  -1.8216370483725569e-03  6.2584098105572580e-03  2.9716826167578035e-03 -6.0706563726935147e-03 -1.4068476884201526e-03 -7.5213042373871301e-04
  1400.0  3   9.6878896892842094e-03  7.1116519645491125e-03  3.5046090583981540e-03 -2.9980366241935219e-03  3.3634552422733316e-03  1.5462824590611937e-03
  1500.0  0   2.4656740987832222e-03 -1.2331770248588700e-03 -5.5052771403429933e-04  4.7953771932028825e-03  7.9343172227424701e-03  3.8582397449392798e-03
  1500.0  1   4.5088173932830364e-03 -3.5624471293335550e-04 -1.2658681964177325e-04  6.8665626243217582e-04  7.0915830419229220e-03  3.3396942846508426e-03
  1500.0  2  -8.2038538827487826e-04  6.4257830092246844e-03  3.0648653776029805e-03 -6.2330209133276216e-03 -6.0921966077383380e-04 -3.7273031656751855e-04
  1500.0  3   1.0077018812531631e-02  6.6516666473978624e-03  3.2925260423926012e-03 -2.8069641362352296e-03  3.4973060004650793e-03  1.6123592144162990e-03
  1600.0  0  -2.6620277692741734e-03  8.7881768383963710e-04  3.7840019016051563e-04 -3.3491746683472195e-03 -8.4641369006943721e-03 -4.0903366276419549e-03
  1600.0  1   2.7966845118887595e-03  3.1510657469636305e-03  1.5070084885717553e-03 -6.2543853027767085e-03  4.4710297568468331e-03  2.0487008529606475e-03
  1600.0  2   2.0971451882400202e-04  6.4637803270000691e-03  3.0965877304870342e-03 -6.2678346425633644e-03  2.0416498783933784e-04  1.5951555774643020e-05
  1600.0  3   1.0439650948964704e-02  6.1746326576581183e-03  3.0719689869410324e-03 -2.6093482966066677e-03  3.6205590235304746e-03  1.6734864255824318e-03
  1700.0  0   2.7803859161271249e-03 -4.6674283068897938e-04 -1.7964121800520243e-04  1.7995345072617938e-03  8.8598895307308682e-03  4.2567255744378699e-03
  1700.0  1  -1.5811309126462091e-03  3.7841747567675956e-03  1.7686214199691202e-03 -7.4770163590497313e-03 -2.4744236109396256e-03 -1.2280397770724984e-03
  1700.0  2   1.2414991433100716e-03  6.3628291703471413e-03  3.0618830393945003e-03 -6.1756225593986580e-03  1.0156062506670885e-03  4.0532728759062734e-04
  1700.0  3   1.0775692943616183e-02  5.6813132148338958e-03  2.8433269051791584e-03 -2.4040475544735880e-03  3.7360172156099842e-03  1.7310032428786632e-03
  1800.0  0  -2.8073020847174516e-03  8.4527923238295342e-05 -3.5867677516800520e-06 -2.8281870414041270e-04 -9.0656110331996248e-03 -4.3320076806252009e-03
  1800.0  1  -4.4113247414893511e-03  9.3407778344983057e-04  4.0447476008415218e-04 -1.7497199061708320e-03 -6.9295003039286963e-03 -3.2806864555024106e-03
  1800.0  2   2.2379892364631261e-03  6.1266824837825215e-03  2.9619952147250375e-03 -5.9605859780731572e-03  1.8025838842992703e-03  7.8465721536217137e-04
  1800.0  3   1.1083392120665683e-02  5.1733020348200091e-03  2.6073576875722238e-03 -2.1925124100230843e-03  3.8402322864451353e-03  1.7832589374554562e-03
  1900.0  0   2.7965281549500818e-03  2.8159118021903786e-04  1.7861367852232436e-04 -1.2176535593159598e-03  8.9860646739575566e-03  4.2709051123240695e-03
  1900.0  1  -3.2013562443288244e-03 -2.7871460633858819e-03 -1.3401915224125294e-03  5.5903736364024932e-03 -5.1893689898382823e-03 -2.4044892075452133e-03
  1900.0  2   3.1786147193664602e-03  5.7690428714791244e-03  2.8033340196723798e-03 -5.6237215221542165e-03  2.5515757917852350e-03  1.1474328090187538e-03
  1900.0  3   1.1363058804525449e-02  4.6517078682592186e-03  2.3646182093095924e-03 -1.9750240095281289e-03  3.9363935484485919e-03  1.8317609848033205e-03
  2000.0  0  -2.7202476844815347e-03 -6.8930824501363625e-04 -3.7251764668484212e-04  2.7621099658382761e-03 -8.6641284154248006e-03 -4.0922738370437603e-03
  2000.0  1   1.0278631329978618e-03 -3.9523799664878869e-03 -1.8590731613166338e-03  7.7402456962520341e-03  1.5544895697577365e-03  7.9291875042998767e-04
  2000.0  2   4.0558660371111492e-03  5.2987751618414443e-03  2.5899396297942097e-03 -5.1675911673123437e-03  3.2466097078332808e-03  1.4859288633426635e-03
  2000.0  3   1.1612873255083813e-02  4.1180499692529959e-03  2.1158240521176627e-03 -1.7521503154157548e-03  4.0207992812899603e-03  1.8747581989008320e-03
  2100.0  0   2.5450314799032475e-03  1.0788093743815882e-03  5.5596893351361428e-04 -4.2691811416826989e-03  8.1992934313284277e-03  3.8453920819599141e-03
  2100.0  1   4.2152963803915007e-03 -1.4746970338209197e-03 -6.6611040658286777e-04  2.7788925624817823e-03  6.6630765728381072e-03  3.1711785217477025e-03
  2100.0  2   4.8600619828436907e-03  4.7182823715334566e-03  2.3228703892140289e-03 -4.6013278848433658e-03  3.8781789503869700e-03  1.7955867066377922e-03
  2100.0  3   1.1833000902111323e-02  3.5739690370108611e-03  1.8617710157866653e-03 -1.5253123992493190e-03  4.0963465362359912e-03  1.9136083210929561e-03
  2200.0  0  -2.3321561521381547e-03 -1.3957688797078390e-03 -7.0410822231150444e-04  5.6009152175517732e-03 -7.5707925928000146e-03 -3.5226001628879122e-03
  2200.0  1   3.5413620534067588e-03  2.4179617776200510e-03  1.1699278833422770e-03 -4.8416519342523705e-03  5.7803522843186224e-03  2.7013730831883928e-03
  2200.0  2   5.5682655671910018e-03  4.0331097472286115e-03  2.0045308642787914e-03 -3.9384727161176419e-03  4.4299609198276291e-03  2.0683364097028437e-03
  2200.0  3   1.2021912001014387e-02  3.0203419874618468e-03  1.6028615369144533e-03 -1.2936391420547517e-03  4.1595626763072354e-03  1.9466937075297644e-03
  2300.0  0   2.0862144736895059e-03  1.7019226210293972e-03  8.4625639262947948e-04 -6.7641626140051607e-03  6.6928999098012920e-03  3.0830627004731119e-03
  2300.0  1  -4.2901009915259278e-04  4.0618329312310120e-03  1.9219886568152429e-03 -7.8565997982256025e-03 -6.0387958488520579e-04 -3.4135814631859135e-04
  2300.0  2   6.1553605829776014e-03  3.2614662414096568e-03  1.6431871218518376e-03 -3.1986859151791683e-03  4.8944149076523063e-03  2.3003558554411294e-03
  2300.0  3   1.2179876809440599e-02  2.4592207595281359e-03  1.3400710775174211e-03 -1.0594758945886697e-03  4.2132387737995793e-03  1.9753106405063837e-03
  2400.0  0  -1.7483473719052197e-03 -1.9973643490854669e-03 -9.8161344317400866e-04  7.8336191911080010e-03 -5.6220214109747972e-03 -2.5532586139002051e-03
  2400.0  1  -3.9294783982616504e-03  1.9808615757186728e-03  9.1267505409623991e-04 -3.7774882699721287e-03 -6.2812365440667898e-03 -3.0060485910944554e-03
  2400.0  2   6.6075828252606904e-03  2.4287973394715922e-03  1.2509261642270955e-03 -2.3936956886740956e-03  5.2570438767381234e-03  2.4846090790121038e-03
  2400.0  3   1.2305837108107051e-02  1.8912550465805360e-03  1.0736842240167503e-03 -8.2099412682884432e-04  4.2547132835047225e-03  1.9982395493346040e-03
  2500.0  0   1.3631365970137436e-03  2.2131747828906460e-03  1.0779664980715001e-03 -8.7570248067651880e-03  4.4726424355098363e-03  1.9883973190284909e-03
  2500.0  1  -3.8508393148096553e-03 -2.0024626429058332e-03 -9.7722588904342218e-04  3.9760617743250818e-03 -6.2824217682738723e-03 -2.9573638720924271e-03
  2500.0  2   6.9260711826636557e-03  1.5530387078444561e-03  8.3629007777172152e-04 -1.5398141862584681e-03  5.5101919964299995e-03  2.6171351274751346e-03
  2500.0  3   1.2400172402330439e-02  1.3187521696966310e-03  8.0478132777445435e-04 -5.8170621163437211e-04  4.2863198297170011e-03  2.0165418884790019e-03
  2600.0  0  -9.9720188595582137e-04 -2.3647536930043525e-03 -1.1438222135363341e-03  9.4006172777144365e-03 -3.2585916851700933e-03 -1.3982202500260675e-03
  2600.0  1  -2.0572246148456595e-04 -4.0807783084096192e-03 -1.9421089086754044e-03  7.8602745968449298e-03 -3.6435365194199853e-04 -1.2041885183950267e-04
  2600.0  2   7.1082119101049486e-03  6.4312856218745238e-04  4.0345314039398123e-04 -6.4970396561978645e-04  5.6462881414988224e-03  2.6942404298704145e-03
  2600.0  3   1.2462077872441383e-02  7.4247220866766625e-04  5.3368682860857576e-04 -3.3930788360919467e-04  4.3060901717574193e-03  2.0293296367341535e-03
  2700.0  0   5.8703473155124325e-04  2.4928313159133797e-03  1.1977253483383180e-03 -9.7723010799945949e-03  1.9076565578603707e-03  7.4778533304866487e-04
  2700.0  1   3.5971784850834659e-03 -2.4020792970658577e-03 -1.1197778446756248e-03  4.6717843386121045e-03  5.8156948279404251e-03  2.8000314946337486e-03
  2700.0  2   7.1457311145061587e-03 -2.8759896990112173e-04 -4.1240044752124490e-05  2.5465095051379716e-04  5.6653955700993013e-03  2.7156294136673107e-03
  2700.0  3   1.2491707825994729e-02  1.6490021109223914e-04  2.6154823532050691e-04 -9.7950345680828142e-05  4.3152678764689228e-03  2.0371346876128680e-03
  2800.0  0  -1.1741199722707090e-04 -2.5490715930096821e-03 -1.2163231169650399e-03  9.9752212948239858e-03 -4.6628272824843567e-04 -5.7980600718203490e-05
  2800.0  1   4.1136311064562643e-03  1.5660689245115219e-03  7.7394110368493834e-04 -3.0465912151230760e-03  6.6518301130527391e-03  3.1509434371847825e-03
  2800.0  2   7.0288535200695177e-03 -1.2178467964017402e-03 -4.8785779974781714e-04  1.1567151285450359e-03  5.5695522332625640e-03  2.6820165529137887e-03
  2800.0  3   1.2488585671759303e-02 -4.1380043019337650e-04 -1.1596676190524091e-05  1.4548760971311460e-04  4.3127470367179963e-03  2.0394821571427220e-03
  2900.0  0  -3.1510414048447802e-04  2.5227018210639872e-03  1.1963685133687077e-03 -9.9853779795603999e-03 -9.3289511615683262e-04 -6.0774048798122688e-04
  2900.0  1   8.5513943018450844e-04  4.0105375054434855e-03  1.9198232258643190e-03 -7.7252478997146138e-03  1.3415970450015300e-03  5.8877045815699440e-04
  2900.0  2   6.7611806830636658e-03 -2.1160826980830142e-03 -9.2124522926723379e-04  2.0335049290249162e-03  5.3613213626657703e-03  2.5943942317892790e-03
  2900.0  3   1.2452799345526955e-02 -9.9088851245201321e-04 -2.8448481883513907e-04  3.8674675347601914e-04  4.2989591498574153e-03  2.0365109020052895e-03
  3000.0  0   7.1194255098865305e-04 -2.4625949554842293e-03 -1.1610176310916365e-03  9.6944951706441108e-03  2.2633384743463952e-03  1.2354188772001032e-03
  3000.0  1  -3.2188482820894372e-03  2.7830418206049078e-03  1.3084280176889288e-03 -5.4937817650771827e-03 -5.2284046075318303e-03 -2.5352467971686706e-03
  3000.0  2   6.3579089919697396e-03 -2.9633317082293606e-03 -1.3321003604817999e-03  2.8681940438388246e-03  5.0416292918759572e-03  2.4528733987915392e-03
  3000.0  3   1.2384529661800186e-02 -1.5661770938911477e-03 -5.5705563011200791e-04  6.2911006518157119e-04  4.2741227954094718e-03  2.0283660416199659e-03
  3100.0  0  -1.1428140310262140e-03  2.3451092004335488e-03  1.0980523582187229e-03 -9.1180096551373522e-03 -3.5901817385136947e-03 -1.8561592059544746e-03
  3100.0  1  -4.3307025543386814e-03 -1.0665156895307462e-03 -5.3971026289579161e-04  2.0402674241864647e-03 -6.9131366894942849e-03 -3.2936877404963491e-03
  3100.0  2   5.8296017845838244e-03 -3.7493302190541923e-03 -1.7154784761791611e-03  3.6397377060393777e-03  4.6146261222586417e-03  2.2591682598110097e-03
  3100.0  3   1.2283835788779739e-02 -2.1371866275780847e-03 -8.2816077235266532e-04  8.6819336794286288e-04  4.2378576445130404e-03  2.0147928266015772e-03
  3200.0  0   1.5489149564789553e-03 -2.1391693126431425e-03 -9.9361402183653137e-04  8.3831367657860225e-03  4.8764648196832480e-03  2.4553952964258452e-03
  3200.0  1  -1.4629522332706534e-03 -3.8447717922582168e-03 -1.8516463505654918e-03  7.4845214672678321e-03 -2.2775041001517355e-03 -1.0394966839232037e-03
  3200.0  2   5.1807046094911741e-03 -4.4651701548565157e-03 -2.0669667032349867e-03  4.3373915613728374e-03  4.0900685114807619e-03  2.0178070183220413e-03
  3200.0  3   1.2151293901125727e-02 -2.7032831571442684e-03 -1.0975058139476520e-03  1.1067244893018927e-03  4.1913930006393582e-03  1.9963987984237728e-03
  3300.0  0  -1.8708783801985132e-03  1.9016739650103453e-03  8.7567693407373658e-04 -7.4981126112395723e-03 -6.0012592564423033e-03 -2.9753911481456845e-03
  3300.0  1   2.8192181014575746e-03 -3.1026204069263025e-03 -1.4682159715026944e-03  6.1960696635891595e-03  4.5669110194354523e-03  2.2336734352999253e-03
  3300.0  2   4.4151224742285363e-03 -5.0929313431434557e-03 -2.3779752551017505e-03  4.9458993023228344e-03  3.4788630137851631e-03  1.7336949571523769e-03
  3300.0  3   1.1986742328144664e-02 -3.2619442169177855e-03 -1.3639017710544512e-03  1.3406026884341428e-03  4.1331408723854317e-03  1.9723581222674427e-03
  3400.0  0   2.1660973797002054e-03 -1.6430368807804582e-03 -7.4833132568442309e-04  6.3763255175265368e-03  6.9292245279809475e-03  3.3987526559894517e-03
  3400.0  1   4.4753906377772356e-03  5.2348637280143977e-04  2.8344493392439842e-04 -9.8227723865955061e-04  7.0564000411234822e-03  3.3807081096512760e-03
  3400.0  2   3.5528216777796500e-03 -5.6098452591063332e-03 -2.6373513638748721e-03  5.4569929982682050e-03  2.7984954192298377e-03  1.4151521935037957e-03
  3400.0  3   1.1791032428044797e-02 -3.8127545912590667e-03 -1.6271252136526816e-03  1.5722752607242882e-03  4.0651101501267958e-03  1.9436412174149405e-03
  3500.0  0  -2.4422699463596221e-03  1.3067858750531658e-03  5.8433742167779358e-04 -5.0463287825873874e-03 -7.7348556035228000e-03 -3.7613515892714641e-03
  3500.0  1   2.0215770603773950e-03  3.6080837103258864e-03  1.7490848718251044e-03 -7.1113380032232438e-03  3.1798046568282581e-03  1.4762827460072839e-03
  3500.0  2   2.6236211992663339e-03 -6.0036439820763165e-03 -2.8387034003142585e-03  5.8530989061847906e-03  2.0606353694020306e-03  1.0674698870618492e-03
  3500.0  3   1.1564025130443896e-02 -4.3534618208554846e-03 -1.8860849151017551e-03  1.7986327512396869e-03  3.9850026942332313e-03  1.9091042464752378e-03
  3600.0  0   2.6266829433149270e-03 -9.3145898280021331e-04 -4.0324374180257495e-04  3.6480638817603991e-03  8.4083800239152257e-03  4.0607902398199676e-03
  3600.0  1  -2.3883795161172097e-03  3.3948457653327933e-03  1.6154490802979605e-03 -6.7696752444661645e-03 -3.8082361887948170e-03 -1.8837424142396297e-03
  3600.0  2   1.6491882988483014e-03 -6.2746336868829463e-03 -2.9819532264558067e-03  6.1254012471377572e-03  1.2829031215921898e-03  6.9892902918454751e-04
  3600.0  3   1.1307145351619360e-02 -4.8833997323937785e-03 -2.1404042650136172e-03  2.0213751743658180e-03  3.8958376328120012e-03  1.8701910053172776e-03
  3700.0  0  -2.7378185323792201e-03  5.8140334447317013e-04  2.3515000964922198e-04 -2.2232738337580149e-03 -8.8356947681366201e-03 -4.2435673070000644e-03
  3700.0  1  -4.5276586810362365e-03  5.1648885643677675e-05 -1.0332341396022145e-05 -8.6269726427298885e-05 -7.0831180585389777e-03 -3.4123860819997250e-03
  3700.0  2   6.3966217642202417e-04 -6.4215219587546099e-03 -3.0662796276884475e-03  6.2670433335065478e-03  4.7657061708438598e-04  3.1491118264856497e-04
  3700.0  3   1.1020318048589012e-02 -5.4007389587715669e-03 -2.3891727797194493e-03  2.2382272762791842e-03  3.7950002948542983e-03  1.8256314944518799e-03
  3800.0  0   2.8175357598779569e-03 -2.0230749052604105e-04 -5.3566509075096953e-05  6.9203298113361920e-04  8.9940364723476770e-03  4.2969076113090416e-03
  3800.0  1  -2.5147053511323692e-03 -3.3150789725830570e-03 -1.6187587112396517e-03  6.6273828165982719e-03 -4.0144693814509382e-03 -1.8824316846771467e-03
  3800.0  2  -3.9314845278134043e-04 -6.4374323768067350e-03 -3.0881864475988856e-03  6.2785389892076916e-03 -3.4037294093953584e-04 -7.6037182091520103e-05
  3800.0  3   1.0705374164143256e-02 -5.9041991465348977e-03 -2.6317116053841613e-03  2.4495339154707572e-03  3.6860778090445421e-03  1.7771311835622662e-03
  3900.0  0  -2.8155457398781033e-03 -2.2517328144770093e-04 -1.5006191998947598e-04  9.1971016856894018e-04 -8.9758545433570314e-03 -4.2655434003371984e-03
  3900.0  1   1.8989846701706881e-03 -3.6511479969164227e-03 -1.7463169044603759e-03  7.2388600005224386e-03  2.9648643680885911e-03  1.4912824644848920e-03
  3900.0  2  -1.4247313906606313e-03 -6.3133683882891879e-03 -3.0431118454381854e-03  6.1630343733488505e-03 -1.1531330238322994e-03 -4.6673745687294773e-04
  3900.0  3   1.0362121594211191e-02 -6.3922764334959853e-03 -2.8672739119284534e-03  2.6540100001798388e-03  3.5659488099529144e-03  1.7232093452064705e-03
  4000.0  0   2.7230265560319526e-03  6.1315067988817107e-04  3.3378000602573513e-04 -2.4612121351620915e-03  8.8022124956591095e-03  4.1608988361293365e-03
  4000.0  1   4.4705841468968017e-03 -6.3330022779084071e-04 -2.6743846893322504e-04  1.1685646442332941e-03  7.0050551001964246e-03  3.3942529538474003e-03
  4000.0  2  -2.4184655471440825e-03 -6.0542422243093164e-03 -2.9328152455475928e-03  5.9226106479335575e-03 -1.9394888715766683e-03 -8.4648681862158385e-04
  4000.0  3   9.9923463284522160e-03 -6.8636269877706086e-03 -3.0951739456370636e-03  2.8510769166955365e-03  3.4381832113942637e-03  1.6655615927398399e-03
  4100.0  0  -2.5976141622431315e-03 -9.5658863458789566e-04 -4.9592027204973968e-04  3.8746104820298857e-03 -8.3805173450383595e-03 -3.9397657211993091e-03
  4100.0  1   2.9332868466195356e-03  3.0005909047194188e-03  1.4772189142207119e-03 -6.0352192279123310e-03  4.7517001196621502e-03  2.2434131761338801e-03
  4100.0  2  -3.3534210544676874e-03 -5.6744456318898956e-03 -2.7639587073179923e-03  5.5601957386312096e-03 -2.6837760878992197e-03 -1.2078173239784330e-03
  4100.0  3   9.5961494618006706e-03 -7.3170999650666816e-03 -3.3148610559187615e-03  3.0409310471853912e-03  3.2997378089471177e-03  1.6027741128530777e-03
  4200.0  0   2.4106335365678545e-03  1.3221861585692440e-03  6.6796602804061267e-04 -5.2390793191620898e-03  7.6936809574075313e-03  3.5922110252357602e-03
  4200.0  1  -1.3667848619676663e-03  3.8629508774926514e-03  1.8566550808896192e-03 -7.5618210294707052e-03 -2.0740022450094985e-03 -1.0739544652859166e-03
  4200.0  2  -4.2188018994635040e-03 -5.1838087123663281e-03 -2.5411436972411871e-03  5.0804801761493990e-03 -3.3680820817778667e-03 -1.5420112814386166e-03
  4200.0  3   9.1755592554639033e-03 -7.7512770136866672e-03 -3.5256508034325123e-03  3.2220823608660495e-03  3.1542718523394123e-03  1.5365734986447247e-03
  4300.0  0  -2.1266439088779140e-03 -1.6637834397007399e-03 -8.2711226155691704e-04  6.5474455859470633e-03 -6.8553973535778060e-03 -3.1723269624299587e-03
  4300.0  1  -4.3174065669050032e-03  1.1930805208660202e-03  5.3605121942992568e-04 -2.2261046424886686e-03 -6.8060156617875600e-03 -3.3180076589319758e-03
  4300.0  2  -5.0067433345686429e-03 -4.5855607675071150e-03 -2.2657357530428079e-03  4.4940443150704220e-03 -3.9841319117815965e-03 -1.8450176442035547e-03
  4300.0  3   8.7307467923564714e-03 -8.1656447922679991e-03 -3.7273322412334467e-03  3.3958476700606038e-03  2.9993249406435763e-03  1.4658340987925278e-03
  4400.0  0   1.8141929312088865e-03  1.9230775902685847e-03  9.4660472727723678e-04 -7.6642621731704769e-03  5.9157723577732005e-03  2.7062858265035285e-03
  4400.0  1  -3.3231337926397080e-03 -2.6421825085171189e-03 -1.3140868590959284e-03  5.3129916037380470e-03 -5.4156098099213869e-03 -2.5712036204765414e-03
  4400.0  2  -5.6961917921063967e-03 -3.8833673910912245e-03 -1.9392968546772856e-03  3.8130950458531506e-03 -4.5188234491344449e-03 -2.1104389977643985e-03
  4400.0  3   8.2640031777672599e-03 -8.5582137861231339e-03 -3.9189802284586269e-03  3.5594290049044170e-03  2.8382517896988549e-03  1.3921098414824704e-03
  4500.0  0  -1.4920297409089444e-03 -2.1475042387847803e-03 -1.0491886721072606e-03  8.5198353284561771e-03 -4.8082108709856753e-03 -2.1629795817250477e-03
  4500.0  1   7.5692896191732197e-04 -4.0092234337847314e-03 -1.9366973965314783e-03  7.7787814589470429e-03  1.1163100012695790e-03  6.2288190468305572e-04
  4500.0  2  -6.2617327115027507e-03 -3.0974881227333159e-03 -1.5711177737540449e-03  3.0576720639215846e-03 -4.9640603884311251e-03 -2.3340699957074096e-03
  4500.0  3   7.7756753244309675e-03 -8.9287494210188115e-03 -4.1005333462215297e-03  3.7149076027909057e-03  2.6690230233126703e-03  1.3144766749806781e-03
  4600.0  0   1.0895412414548733e-03  2.3510041826727687e-03  1.1403592652210761e-03 -9.2026704637257310e-03  3.5190217674917778e-03  1.5352206324510736e-03
  4600.0  1   4.0782375021958146e-03 -1.6920602276200168e-03 -7.7664975069360236e-04  3.2302974257890061e-03  6.5128184049894717e-03  3.1962994071540948e-03
  4600.0  2  -6.6909700410012754e-03 -2.2543370984940306e-03 -1.1736282195104226e-03  2.2405359646038578e-03 -5.3050026925382798e-03 -2.5087337386229054e-03
  4600.0  3   7.2675737209583801e-03 -9.2754511493062814e-03 -4.2711679435270440e-03  3.8588451220327069e-03  2.4939938149152493e-03  1.2339917986801813e-03
  4700.0  0  -6.4607939506674595e-04 -2.4711450021018505e-03 -1.1908697215019840e-03  9.7397132407515234e-03 -2.1689965561726460e-03 -8.7999784546761420e-04
  4700.0  1   3.6593111739388466e-03  2.2679067535095370e-03  1.1428654135915105e-03 -4.5115943184051771e-03  5.9543695490891727e-03  2.8403960628835189e-03
  4700.0  2  -6.9842918278991964e-03 -1.3736183102245818e-03 -7.5632497960286275e-04  1.3814831893807970e-03 -5.5342201069403362e-03 -2.6305672535743081e-03
  4700.0  3   6.7404393510853630e-03 -9.5984339971115946e-03 -4.4309714274882346e-03  3.9943202749779172e-03  2.3119135184756843e-03  1.1500993577364821e-03
  4800.0  0   2.3983085763804236e-04  2.5230910544374735e-03  1.2090831666224204e-03 -1.0016122327561380e-02  8.3014017913195454e-04  2.3432712000704813e-04
  4800.0  1  -1.2408500178610709e-04  4.0726274208791125e-03  1.9775374338151827e-03 -7.8576830907269440e-03 -1.4676357649695407e-04 -1.6421955383697618e-04
  4800.0  2  -7.1411780316696979e-03 -4.6310298180890855e-04 -3.2279056239046275e-04  4.9167975833004467e-04 -5.6464342462349930e-03 -2.6968725318140142e-03
  4800.0  3   6.1961112701852204e-03 -9.8960067973156672e-03 -4.5791479831522571e-03  4.1176125363172620e-03  2.1243985086085433e-03  1.0634920089248664e-03
  4900.0  0   1.7925714000515530e-04 -2.5434969608008275e-03 -1.2118669225509953e-03  9.9755586692393643e-03  5.4514465262351763e-04  4.2345730969843689e-04
  4900.0  1  -3.7842468755803780e-03  2.1476035648614620e-03  9.9746705129323521e-04 -4.1762531930958063e-03 -6.0900375813810470e-03 -3.0119168455478244e-03
  4900.0  2  -7.1529312915006998e-03  4.6661641930574328e-04  1.2200853708111511e-04 -4.0926622847423235e-04 -5.6424598996658269e-03 -2.7078347584244280e-03
  4900.0  3   5.6356220873515304e-03 -1.0168643669641641e-02 -4.7159183525489522e-03  4.2322306197753248e-03  1.9314439096527545e-03  9.7420157996620468e-04
  5000.0  0  -6.4577319153066978e-04  2.4904332462653725e-03  1.1784973987849039e-03 -9.7155252179401876e-03 -1.9754721729717322e-03 -1.1034871677607489e-03
  5000.0  1  -3.9772767659848511e-03 -1.8292662747944406e-03 -9.4045629571026215e-04  3.5888659116673168e-03 -6.3981535887033692e-03 -3.0661184034923195e-03
  5000.0  2  -7.0103917587365549e-03  1.3922964772816189e-03  5.6708166143191704e-04 -1.3050791569907104e-03 -5.5255174922207847e-03 -2.6646659856615997e-03
  5000.0  3   5.0608704271904482e-03 -1.0414515219496280e-02 -4.8403858822672263e-03  4.3340434247675693e-03  1.7338406377641359e-03  8.8252303513869151e-04
